未降维：

[  0 368 603 205 936]
[  1 368 603 205 936]
[  2 368 603 205 936]
[  3 184 368 603 205]
[  4 368 603 205 458]
[  5 368 603 205 936]
[  6 368 603 205 936]
[  7 368 603 205 936]
[  8 368 603 205 936]
[  9 368 603 205 936]
[ 10  91 184 368 603]
[ 11 368 603 205 936]
[ 12 368 603 205 936]
[ 13 368 603 205 936]
[ 14 368 603 205 936]
[ 15 368 603 205 936]
[ 16 368 603 205 936]
[ 17 368 603 205 936]
[ 18  13 368 603 205]
[ 19 368 603 205 936]
[ 20  84 368 603 205]
[ 21 368 603 205 936]
[ 22 368 603 205 477]
[ 23 368 603 205 936]
[ 24  71 229 368 603]
[ 25 368 603 205 936]
[ 26 368 603 205 936]
[ 27 931 368 603 205]
[ 28 368 603 205 936]
[ 29  46 368 902 603]
[ 30 368 603 205 936]
[ 31 368 603 205  46]
[ 32 368 603 205 936]
[ 33 368 452 603 205]
[ 34 943 368 603 205]
[ 35 368 603 205 936]
[ 36  75 368 603 425]
[ 37 368 603 205 936]
[ 38 368 603 205 936]
[ 39 368 603 205 936]
[ 40 368 453 603 205]
[ 41 368 603  84  76]
[ 42 368 603 205 229]
[ 43  91 368 603 205]
[ 44 368 603 205 936]
[ 45 368 603 205 936]
[ 46 368 603 205  13]
[ 47 368 603  46 205]
[ 48 368 603 205 936]
[ 49 368 603 205 936]
[ 50 368 603 205 936]
[ 51 368 603 205 936]
[ 52 368 603 205 300]
[ 53 368 603 205 936]
[ 54 229 368 603 205]
[ 55 368 603 205 936]
[ 56 368 603 205 817]
[ 57 251 368 603 205]
[ 58 368 603 205 936]
[ 59 368 603 205 936]
[ 60 368 603 205 936]
[ 61 368 603 205 936]
[ 62 368 603 205 936]
[ 63 368 603 205 936]
[ 64 368 603 205 931]
[ 65 368 603 205 282]
[ 66 368 603 205 936]
[ 67 368 603 205 916]
[ 68 368 603 205 936]
[ 69 680 368 603 205]
[ 70 368 603 205 404]
[ 71  24 368  84 603]
[ 72 368 603 205 936]
[ 73 368 603 205 936]
[ 74 603 368 205 936]
[ 75 368 603 205 796]
[ 76 251  84 368 603]
[ 77 251 368 603  84]
[ 78 368 603 205 936]
[ 79 368 603 205 936]
[ 80  84  71 338 368]
[ 81 368 603 205 936]
[ 82 368 603 205  46]
[ 83 368 603 205  84]
[ 84 368 603 205 936]
[ 85 368 603 205 936]
[ 86 368 603 205 104]
[ 87 368 603 205 936]
[ 88 368 603 205 936]
[ 89 368 603 205 936]
[ 90 368 603 567 205]
[ 91 368 603 205 709]
[ 92 368 603 205  30]
[ 93 368 603 205 936]
[ 94 368 603 205 936]
[ 95 229 368 943 603]
[ 96 893 368 603 879]
[ 97 368 603 205 936]
[ 98 250 368 603  52]
[ 99 368 603 205 936]
[100 296  78 605 368]
[101 368 603 205 936]
[102 368 603 205 936]
[103 664 378 870 351]
[104 368 603 205 936]
[105 756 368 603 205]
[106 300 368 603 685]
[107 368 603 870 581]
[108 368 603 205 936]
[109 368 603 817 205]
[110 368 603 205 936]
[111 368 603 205 936]
[112 368 603 205 936]
[113 368 603 205 458]
[114 368 603 205 805]
[115 184 368 603 205]
[116 368 603 205 936]
[117 972 603 368 734]
[118 368 603 205 936]
[119 368 603 205 936]
[120 179 368 603 205]
[121 251 368 943 603]
[122 192 368 603 205]
[123 368 603 205 936]
[124 368 603 817 205]
[125 368 603 205 936]
[126 972 117 368 603]
[127 368 603 205  48]
[128 797 214 317 368]
[129 368 603 205 936]
[130 368 603 205 936]
[131 378 996 870 103]
[132 368 603 205 936]
[133 931 368 603 205]
[134 368 603 205 161]
[135 269 368 603 205]
[136 368 603 205 696]
[137 368 603 205 936]
[138 368 144 603 205]
[139 368 603 205 936]
[140 943 251 368 603]
[141 368 603 205 936]
[142 368 603 205 567]
[143 368 603 205 936]
[144 368 603 205 936]
[145 368 603 205 552]
[146 368 603 205 936]
[147 368 603 205 982]
[148 368 603 205 936]
[149 368 375 612 603]
[150 368 603 205 936]
[151 368 603 830 205]
[152 908 368 681 603]
[153 368 603 205 669]
[154 910 758 368 603]
[155 368 892 603 205]
[156 368 603 205 936]
[157 368 603 205 936]
[158 368 603 205 936]
[159 368 603 205 936]
[160 305 368 603 805]
[161 936 368 603 205]
[162 368 603 205 936]
[163 368 603 205 606]
[164 368 603 205 936]
[165 805 368 582 603]
[166 368 603 205 465]
[167 368 603 205 936]
[168 184 368 603 205]
[169 368 603 205 936]
[170 368 378 603 205]
[171 368 603 205 789]
[172 368 603 205 936]
[173 712 368 603 205]
[174 855  74 184 368]
[175 945 368 603 205]
[176 368 603 205 936]
[177 552 368 603 205]
[178 368 603 205 936]
[179 368 603 205 936]
[180 368 603 205 833]
[181 378 357 870 996]
[182 368 603 205 142]
[183 368 603 205 936]
[184 250 368 603 205]
[185 368 603 205 936]
[186 368 967 603 205]
[187 603 368 205 936]
[188 368 603 205 936]
[189 368 603 205  78]
[190 368 603 205 936]
[191 368 603 205 936]
[192 368 603 205 936]
[193 368 603 205 936]
[194 368 603 205 936]
[195 368 603 205 936]
[196 425 346 368 195]
[197 893 368 603 205]
[198 849 368 603 220]
[199 368 603 205 936]
[200 368 750 603 205]
[201 458 368 603 205]
[202 368 603 205 936]
[203 677 368 603 205]
[204 368 908 603 205]
[205 368 603 936 931]
[206 368 603 205 936]
[207 368 603 205 936]
[208 173 368 603 205]
[209 602 339 982 942]
[210 338 368 603 205]
[211 368 603 803 205]
[212 368 603 793 205]
[213 368 603 666 205]
[214 797 427 368 603]
[215 368 603 205 936]
[216 368 603 205 788]
[217 368 603 205 936]
[218 368 603 205 936]
[219 330 368 603 205]
[220 739 368 603 205]
[221 368 603 205  88]
[222 368  46 942 281]
[223 368 603 205 936]
[224 368 603 205 936]
[225 368 603 205 936]
[226 603 368 205 936]
[227 567 368 603 205]
[228 368 603 205 936]
[229  95 368 603 205]
[230 368 603 205 936]
[231 368 603 205 936]
[232 368 603 205 936]
[233 368 603 205 936]
[234 368 603 205 936]
[235 368 603 205 936]
[236 368 603 205 936]
[237 241 603  91 368]
[238 368 603 205 936]
[239 368 346 317 603]
[240 368 603 205 282]
[241 368 603  91 205]
[242 368 603 205 936]
[243 368 603 205 936]
[244 368 603 205 593]
[245 368 603 205 936]
[246 368 603 205 567]
[247 843 198 368 849]
[248 368 603 205 936]
[249 368 603 205 936]
[250 184 603 368 205]
[251  57 368 603 205]
[252 368 603 205 936]
[253 368 603 205 936]
[254 368 603 205 936]
[255 368 603 205  48]
[256 368 603 205 936]
[257 184 368 603 205]
[258 368 603 205 567]
[259 368 603 205 936]
[260 368 603 205 936]
[261 368 603 205 936]
[262 368 603 205 936]
[263 368 720 603 205]
[264 368 603 205 936]
[265 368 603 205 936]
[266 368 603 205 950]
[267 368 603 205 936]
[268 366 368 603 205]
[269 368 603 205 936]
[270 427 734 360 368]
[271 372 368 603 205]
[272 368 603 205  30]
[273 368 603 205 936]
[274 368 603 205 833]
[275 603 368 205 936]
[276 368 603 936 205]
[277 368 603 205 184]
[278 177 368 603 205]
[279 401 368 603 205]
[280 368 603 205 936]
[281 368 603 205 936]
[282 368 603 205 936]
[283 368 603 205 936]
[284  84 368 603 205]
[285 192 368 603 205]
[286 368 516 603 205]
[287 368 603 205 936]
[288 368 603 205 936]
[289 368 603 205 936]
[290 368 603  74 205]
[291 368 603 205 936]
[292 368 936 603 205]
[293 368 603 205 936]
[294 368 603 205  78]
[295 368 603 205 936]
[296 368 603 205 936]
[297 368 603 205 936]
[298 368 603 205 936]
[299 368 603 205 936]
[300 685 368 603 205]
[301 368 603 205 936]
[302 368 603 205 936]
[303 681 454 368 603]
[304 368 241 603 205]
[305 368 603 205 936]
[306 602 281 368 603]
[307 368 908 603 205]
[308 368 603 205 936]
[309 368 603 205 936]
[310 368 603 205 936]
[311 368 603 205 244]
[312  39 368 603 205]
[313 368 603 205 936]
[314 900 368 603 205]
[315 368 603 205 936]
[316 368 603 205 936]
[317 427 693 527 368]
[318 329 368 603 205]
[319 368 857 603 205]
[320 368 603 205 940]
[321 453 368 603 205]
[322 368  84 603 205]
[323 452 368 615 603]
[324 368 603 205 936]
[325 368 603 205 936]
[326 368 603 205 936]
[327 368 603 936 205]
[328 368 603 205 936]
[329 368 603 205 961]
[330 219 382 368 603]
[331 368 603 778 205]
[332 368 936 603 205]
[333 551 368 603 205]
[334 918 368 603 205]
[335 205 368 603 936]
[336 184 458 368 603]
[337 368 603 205 936]
[338 368 603 205 936]
[339 982 602 678 942]
[340 368 603 205 936]
[341 449 368 603 205]
[342 368 603 205 936]
[343 205 368 603 936]
[344 368 603 205 936]
[345 368 603 205 936]
[346  75 368 603 205]
[347 329 700 368 378]
[348 603 368  74 205]
[349 368 603 205 936]
[350 368 603 205 146]
[351 368 603 664 103]
[352 552 368 603 205]
[353 368 603 205 936]
[354 805 368 603 205]
[355 982 368 602 942]
[356 368 603 415 205]
[357 700 368 603 205]
[358 368 603 904 205]
[359  75 368 603 205]
[360 368 603 205 936]
[361  39 603 368 205]
[362 368 603 205 936]
[363 368 603 205 567]
[364 368 603 205 936]
[365 875 368 603 205]
[366 368 603 205 268]
[367 368 936 603 205]
[368 903 603 936 205]
[369 603 368 205  74]
[370 368 903 936 603]
[371  84 368 603 205]
[372 368 603 205 271]
[373 368 603 205 748]
[374 368 603 205 936]
[375 368 603 205 149]
[376 368 603 205 936]
[377 368  69 603 205]
[378 664 103 368 603]
[379 220 368 739 603]
[380 368 603 205 936]
[381 167 368 603 205]
[382 330 219 368 603]
[383 368 603 205 936]
[384 368 603 205 936]
[385 240 282 368 603]
[386 701 368 603 205]
[387 681 368 603 205]
[388 401 368 603 205]
[389 368 603 205 936]
[390 368 603 205 936]
[391 368 603 205 936]
[392 368 603 205 936]
[393 552 177 368 603]
[394 368 603 205 936]
[395 368 603 205 936]
[396 368 603 205 936]
[397 368 603 205 936]
[398 368 603 205 936]
[399 368 603 205 936]
[400 368 603 942 205]
[401 368 603 205 733]
[402 996 368 378 603]
[403 368 603 205 936]
[404 368 603 205 936]
[405 368 603 205 936]
[406 368 603 205 936]
[407 368 603 205 936]
[408 368 603 936 205]
[409 368 603 205 936]
[410 368 603 205 936]
[411 368 603  75 205]
[412  84 368 603 205]
[413 368 603 205 936]
[414 368 603 205 936]
[415 368 603 205 936]
[416 368 603 205 879]
[417 368 603 205 936]
[418 368 475 603 205]
[419 368 603 205 936]
[420 368 603 205 936]
[421 368 603 205 936]
[422 368 603 205 936]
[423 184 368 603 205]
[424 368 603 205 912]
[425 368 603 820 205]
[426 942 982 602 368]
[427 458 317 693 734]
[428 368 425 603  75]
[429 857 401 368 603]
[430 368 603 205 936]
[431 875 368 603 205]
[432 368 603 205 282]
[433 368 127 603 205]
[434 368 603 205 936]
[435 368 603 205 936]
[436 410 406 368 603]
[437 296 368 603 205]
[438 823 368 603 205]
[439 330 219 368 603]
[440 471 368 603 205]
[441 972 427 797 693]
[442 368 603 205 936]
[443 368 603 205 936]
[444 368 603 205 452]
[445 368 603 205 936]
[446 368 603 205 936]
[447 778 368 603 205]
[448 368 603 205  84]
[449 368 603 205 936]
[450 976 603 368 205]
[451 368 603 205 936]
[452 368 603 205 936]
[453 368 603 205 936]
[454 368 603 205 936]
[455 329 492 797 128]
[456 368 603 205 936]
[457 368 295 936 603]
[458 693 368 603 427]
[459 368 603 205 798]
[460 366 415 368 603]
[461 368 603 205 936]
[462 368 516 603 205]
[463 913 368 603 205]
[464  75 368 603 205]
[465 368 166 603 205]
[466 177 368 603 205]
[467 296 368 603 205]
[468 368 603 529 205]
[469  75 368 603 205]
[470 368 603 205 936]
[471 368 603 205 936]
[472 749 368 603 205]
[473 192 368 603 205]
[474 368 603 205 215]
[475 368 603 205 936]
[476 368 603 205 936]
[477 368 603 205 936]
[478 368 603 205 487]
[479 368 603 205 936]
[480 368 603 205 936]
[481  75 368 411 603]
[482 368 603 205 936]
[483 368 603 205 931]
[484 368 360 817 603]
[485 368 603 205  30]
[486  84 281 177 368]
[487 368 451 603 205]
[488 368 603 205 936]
[489 378 996 103 261]
[490 368 603 205 936]
[491 368 415 603 205]
[492 368 603 205 812]
[493 368 603 205 857]
[494 646 368 603 205]
[495 368 603 205 470]
[496 368 603 205 936]
[497 368 205 603 452]
[498 368 603 205 850]
[499 368 603 471 205]
[500 368 603 205 936]
[501 778 368 331 603]
[502 368 603 205 340]
[503 368 603 205 931]
[504 368 603 205 357]
[505 567 368 603 205]
[506 647 368 603 184]
[507 411 368 603 875]
[508 368 603 205 153]
[509 368 603 205 936]
[510 615 368 603 205]
[511 734 368 214 603]
[512 378 700 664 797]
[513 368 603 205 936]
[514 961 329 368 603]
[515 368 603 205 936]
[516 368 603 205 936]
[517 368 603 205 936]
[518 368 603 205 936]
[519 368 603 205 936]
[520 346 566 368 603]
[521 251  95 368 603]
[522 368 603 205 936]
[523 368 603 205 936]
[524 453 368 603 205]
[525 368 603 205 149]
[526 378 664 103 368]
[527 368 603 664 205]
[528 475 368 603 205]
[529 368 603 205 936]
[530 368 603 205 936]
[531 368 603 205 219]
[532 368 603 205 936]
[533 368 603 205 936]
[534 368 603 205 936]
[535 368 603 205 817]
[536 931 368 603 205]
[537 330 219 368 382]
[538 368 603 205 936]
[539 368 603 205 936]
[540 368  46 603 205]
[541 104 368 603 936]
[542 368 603 205 817]
[543 931 368 603 205]
[544 529 105 368 603]
[545 680 368 603 205]
[546 943 368 603 205]
[547 602 982 368 603]
[548 368 603 205 936]
[549 425 368 603 205]
[550 368 603 205 936]
[551 274 368 603 205]
[552 368 177 603 567]
[553 902 368 603 205]
[554 378 664 368 603]
[555 368 603 205 936]
[556 913 368 603 205]
[557 368 603 205 936]
[558 368 603 205 936]
[559 368 603 205 593]
[560 368 603 205 936]
[561  39 368 603 685]
[562 368 603 205 936]
[563  91 368 603 205]
[564 177 330 219 552]
[565 778 368 603 205]
[566 368 603 205 936]
[567 368 603 205 936]
[568 368 603 205 936]
[569 368 603 205 936]
[570 368 603 205 936]
[571 368 603 205 936]
[572 368 603 205 936]
[573 612 281 368 942]
[574 857 368 603 205]
[575 602 982 942 368]
[576 615 368 603 205]
[577 368 205 603 936]
[578 942 602 982 426]
[579 368 603 205 936]
[580 368 603 205 936]
[581 368 603 936 205]
[582 368 603 205 936]
[583 820  75 411 368]
[584 368 603 205 908]
[585 368 603 205 936]
[586 368 458 664 603]
[587 368 603 205 936]
[588 368 603 205 936]
[589 368 603 205  15]
[590  15 368 603 205]
[591 368 603  75 205]
[592 368 603 205 936]
[593 368 603 205 936]
[594 368 603 205 936]
[595 368 603 205 936]
[596 368 603 205 936]
[597 368 603 205 936]
[598 184  74 603 647]
[599 803 368 603 205]
[600 357 368 700 603]
[601 368 603 205 936]
[602 982 942 339 368]
[603 368 205 936 931]
[604 903 798 368 322]
[605 368 603 205 936]
[606 368 603 205 936]
[607 368 603 205 936]
[608 368 603 205 936]
[609 368 817 603 205]
[610 368 552 603 143]
[611 368 603 205 936]
[612 149 368 603 205]
[613 271 368 603 930]
[614 368 603 205 936]
[615 576 368 603 205]
[616 368 603 205 329]
[617 177 552 368 603]
[618 368 603 205 936]
[619 475 368 603 205]
[620 368 603  49 205]
[621 368 603 205 936]
[622 368 603 205 936]
[623 368 205 603 936]
[624 368 603 205 943]
[625 368 603 205 936]
[626 368 603 205 936]
[627 368 603 205 936]
[628 368 603 205 175]
[629 214 427 329 492]
[630 368 603 648 205]
[631 805 368 603 205]
[632 368 603 205 936]
[633 368 603 205 936]
[634 368 603 205 936]
[635 368 712 603 205]
[636 368 603 205 936]
[637 368 603 205 936]
[638 603 368 205 936]
[639 664 329 378 996]
[640 368 603 205 936]
[641 765 368 603 205]
[642 368 603 205 950]
[643 368 603 205 936]
[644 368 603 205 936]
[645 368 603 205 805]
[646 368 603 750 205]
[647 368 184 603  74]
[648 368 603 205 936]
[649 696 368 603 194]
[650 368 603 205 936]
[651 368 603 205 453]
[652 368 603 205 936]
[653 368 603 205 936]
[654 354 368 603 205]
[655 368 603 205 936]
[656 368 603 205  62]
[657 368 603 205 936]
[658 368 603 205 936]
[659 368 603 295 205]
[660 921 368 415 603]
[661 368 603 205 936]
[662 340 368 603 205]
[663 368 603 205 936]
[664 103 378 870 368]
[665 368 603 205 936]
[666 368 603 205 936]
[667 957 368 681 603]
[668 534 368 603 205]
[669 368 603 205 153]
[670 368 603 205 936]
[671 368 603 205 936]
[672 368 603 205 936]
[673 368 603 805 305]
[674 368 603 205 936]
[675 368 603 205 936]
[676 368 603 205 747]
[677 368 603 205 936]
[678 368 603 205 982]
[679 368 603 205 936]
[680 368 603 205 936]
[681 368 603 205 936]
[682  75 425 368 603]
[683 368 603 205 936]
[684 950 368 603 205]
[685 300 368 603 205]
[686 368 603 205 936]
[687 368 603 205 936]
[688 368 603 205 936]
[689 368 603 205 936]
[690 368 603 205 936]
[691 368 603 205 936]
[692 368 603 519 205]
[693 458 368 427 603]
[694 368 603 205 936]
[695 331 368  30 603]
[696 368 603 205 936]
[697 368 603 205 641]
[698 368 603 205 936]
[699 783 223 368 603]
[700 357 368 603 205]
[701 386 368 603 205]
[702 368 603 205 936]
[703 368 603 205 936]
[704 368 603 205 936]
[705 296 295 368 603]
[706 368 603 205 936]
[707 693 972 360 368]
[708 368 603  74 205]
[709  91 368 603 205]
[710 368 603 606 205]
[711 778 368 603 205]
[712 368 603 567 205]
[713 368 603 205 936]
[714 368 603 205 936]
[715 368 603 205 936]
[716 368 603 936 458]
[717 368 603 205 936]
[718 368 603 205 936]
[719  91 368 603 205]
[720 368 603 205 415]
[721 368 603 205 936]
[722 368 603 205 936]
[723 368 603 205 936]
[724 347 378 664 329]
[725 368 603 205 936]
[726 368 603 205 936]
[727 368 603 205 936]
[728 295 368 603 789]
[729 368 603 205 936]
[730 368 603 205 936]
[731 368 936 603 205]
[732 368 603 205 936]
[733 401 368 603 205]
[734 972 368 603 205]
[735 603 368 378 205]
[736 368 603 205 936]
[737 368 603 205 936]
[738  75 368 603 205]
[739 220 368 603 936]
[740 768 368 603 205]
[741 603 368 205 936]
[742 368 603 205 936]
[743 368 603 205 936]
[744 630 184 368 603]
[745 368 603 205 936]
[746 330 368 603 205]
[747 368 603 205 928]
[748 368 603 205 936]
[749 368 603 205 936]
[750 368 603 205 936]
[751  74 603 368 712]
[752  75 368 796 873]
[753 368 603 205 936]
[754 368 603 205 936]
[755 368 603 205 936]
[756 802 368 603 205]
[757 368 603 205 936]
[758 368 154 910 603]
[759 368 603 205 422]
[760 368 603 205 936]
[761 368 603 205 936]
[762 918 368 603 205]
[763 680 368 603 205]
[764 368 603 205 936]
[765 368 603 205 641]
[766 731  30 368 603]
[767 368 603 205 756]
[768 368 603 205 936]
[769 836  91 368 603]
[770 603 368 205 936]
[771 368 603 205 972]
[772 368 603 205 936]
[773 368 805 603 205]
[774 368 603 205 936]
[775 368 603 205 936]
[776 368 603 205 936]
[777 368 603 205 936]
[778 368 603 205 936]
[779 783 368 603 205]
[780 857 368 603 205]
[781 382 219 368 603]
[782 368 603 205 936]
[783 368 603 205 779]
[784 368 603 205 936]
[785 587 368 603 205]
[786 194 368 603 205]
[787 368 603 205 936]
[788 368 603 205 936]
[789 368 487 603 205]
[790 368 603 205 936]
[791 942 368 603 205]
[792   1 817 368 603]
[793 368 603 205 936]
[794 368 603 205 931]
[795 368 603 205 817]
[796  75 368 603 205]
[797 214 961 378 368]
[798 368 603 205 936]
[799 368 194 603 205]
[800 615 368 510 603]
[801 368 603 205 936]
[802 368 756 603 205]
[803 368 603 599 205]
[804 368 603 205 936]
[805 368 603 205 936]
[806 368 603 205 936]
[807 368 603 205 936]
[808 368 603 205 936]
[809 368 603 205 936]
[810 368 806 603 205]
[811 368 603 205 936]
[812 603 368 205 936]
[813 368 603 205 184]
[814 136 368 184 603]
[815 664 368 198 330]
[816 368 603 205 936]
[817 368 603 205 936]
[818 368 603 296 295]
[819 492 368 734 664]
[820 425  75 368 603]
[821 709 368 603 205]
[822 368 603 205 936]
[823 368 603 205 936]
[824 219 368 603 205]
[825 879 368 603 205]
[826 368 603 205 936]
[827 368 603 205 936]
[828 368 603 205 184]
[829 942 766 602 426]
[830 368 603 205 936]
[831 368 778 603 205]
[832 368 603 205 415]
[833 368 603 205 936]
[834 177 552 368 603]
[835 368 603 205 936]
[836 368 603  91 205]
[837 830 368 603 205]
[838 368 603 205 936]
[839 300 368 603 205]
[840 606 368 603 205]
[841 368 603 205 936]
[842 368 603 205 936]
[843 870 368 220 603]
[844 368 603 205 936]
[845 368 603 205 936]
[846 368 603 205 936]
[847 982 602 368 603]
[848 368 603 205  74]
[849 198 368 664 603]
[850 498 368 603 205]
[851 823 368 603 205]
[852 368 603 205 282]
[853 368 936 603 205]
[854 368 603 205 936]
[855  74 368 194 603]
[856 368 603 205 936]
[857 780 368 603 205]
[858 368 603 205 936]
[859 146 368 378 603]
[860 368 603 205 936]
[861 368 603 205 936]
[862 368 603 205 936]
[863 368 603 205 936]
[864 700 378 996 664]
[865 368 603 205 936]
[866 368 603 205 700]
[867 368 936 603 205]
[868 368 314 603 205]
[869 368 603 205 936]
[870 664 103 368 603]
[871 368 603 205 936]
[872 368 603 205 936]
[873 368 603 205 936]
[874 368 603 802 205]
[875 368 603 205 936]
[876 368 603 205 936]
[877 918 368 603  15]
[878 368 603 205 936]
[879 368 603 205 936]
[880 368 603 205 936]
[881 368 603 205 936]
[882 368 603 205 936]
[883  78 368 603 205]
[884 368 603 205 936]
[885 368 603 205 936]
[886 368 928 603 205]
[887 368 603 205 936]
[888 368 603 205 936]
[889 368 603 205 885]
[890 368 603 205 593]
[891 368 603 205 936]
[892 368 603 205 936]
[893 368 603 205 936]
[894 368 603 205 936]
[895 368 603 205 936]
[896 368 603 205 936]
[897 368 603 205 936]
[898 329 664 368 378]
[899 368 603 205 936]
[900 314 368 552 603]
[901 368 603 205 936]
[902 368 603 205 936]
[903 368 603 205 936]
[904 368 603 205 936]
[905 368 603 205 936]
[906 368 603 205 936]
[907 313 368 143 603]
[908 368 603 205 936]
[909 368 603 179 957]
[910 154 758 368 603]
[911 748 368 603 205]
[912 368 603 205 936]
[913 368 603 463 205]
[914 368 482 603 205]
[915 368 603 205 936]
[916 368 603 205 936]
[917 282 368 603 205]
[918 368 603 205 936]
[919 567 313 368 603]
[920 103 378 870 351]
[921 542 368 603 817]
[922 368 603 205 329]
[923 368 603 205 936]
[924 368 603 205 936]
[925 368 603 205 936]
[926 368 603 205 401]
[927 368 603 205 936]
[928 368 603 205 936]
[929 368 603 205 936]
[930 368 603 205 936]
[931 536 368 603 205]
[932  46 368 603 205]
[933 368 603 205 936]
[934 368 750 603 205]
[935 368 603 205 936]
[936 368 603 205 931]
[937 605 368 603 205]
[938 368 603 192 205]
[939 942 602 982 368]
[940 368 603 205 936]
[941 368 603 205  84]
[942 602 982 939 426]
[943 546 368 603 205]
[944  13 368 603 205]
[945 175 368 603 205]
[946 647 184  74 368]
[947 368 603 205 936]
[948 205 368 603 936]
[949 368 603 205 936]
[950 368 603 205 936]
[951 192 368 603 205]
[952 368 603 205 936]
[953 368 603 205 936]
[954 368 603 205 936]
[955 615 368 693 603]
[956 368 603 205 936]
[957 368 603 205 936]
[958 817 368 603 205]
[959 368 603 205 936]
[960 368 936 603 205]
[961 368 603 205 936]
[962 368 603 205 192]
[963 368 603 205 250]
[964 368  91 603 205]
[965 368 603 205 936]
[966 368 603 205 936]
[967 229 368 603 205]
[968 368 603 205 936]
[969 368 603 205 936]
[970 368 830 603 205]
[971 368 603 205 101]
[972 734 117 603 368]
[973 368 603 205 936]
[974  55 885 316 368]
[975 615 806 576 368]
[976 603 368 205 936]
[977 720 368 603 205]
[978 368 603 205 936]
[979 368 603 205 936]
[980 602 942 982 426]
[981 368 603 205 372]
[982 602 339 942 368]
[983 918 368 603 205]
[984 368 603 205 936]
[985 179 368 603 205]
[986 368 603 205 936]
[987 194 855 192 696]
[988 452 368 603 205]
[989 368 603 205 936]
[990 936 368 603 205]
[991 368 603 205 672]
[992 368 603 205 936]
[993 368 603 205 167]
[994 143 368 603 205]
[995 368 603 205 241]
[996 368 603 205 936]
[997 368 603 205 936]
[998 368 804 603 205]
[999 368 603 205 936]
pca降维：

[  0 368 603 205 936]
[  1 368 603 205 936]
[  2 368 603 205 936]
[  3 184 368 603 205]
[  4 368 603 205 936]
[  5 368 603 205 936]
[  6 368 603 205 936]
[  7 368 603 205 936]
[  8 368 603 205 936]
[  9 368 603 205 936]
[ 10  91 184 368 603]
[ 11 368 603 205 936]
[ 12 368 603 205 936]
[ 13 368 603 205 936]
[ 14 368 603 205 936]
[ 15 368 603 205 936]
[ 16 368 603 205 936]
[ 17 368 603 205 936]
[ 18  13 368 603 205]
[ 19 368 603 205 936]
[ 20  84 368 603 205]
[ 21 368 603 205 936]
[ 22 368 603 205 936]
[ 23 368 603 205 936]
[ 24  71 229 368 603]
[ 25 368 603 205 936]
[ 26 368 603 205 936]
[ 27 931 368 603 205]
[ 28 368 603 205 936]
[ 29  46 368 603 902]
[ 30 368 603 205 936]
[ 31 368 603  46 205]
[ 32 368 603 205 936]
[ 33 452 368 603 205]
[ 34 943 368 603 205]
[ 35 368 603 205 936]
[ 36  75 368 425 603]
[ 37 368 603 205 936]
[ 38 368 603 205 936]
[ 39 368 603 205 936]
[ 40 368 603 453 205]
[ 41 368  76  84 603]
[ 42 368 603 229 205]
[ 43  91 368 603 205]
[ 44 368 603 205 936]
[ 45 368 603 205 936]
[ 46 368 603 205  13]
[ 47 368 603  46 205]
[ 48 368 603 205 936]
[ 49 368 603 205 936]
[ 50 368 603 205 936]
[ 51 368 603 205 936]
[ 52 368 603 205 300]
[ 53 368 603 205 936]
[ 54 229 368 603 205]
[ 55 368 603 205 936]
[ 56 368 603 205 817]
[ 57 251 368 603 205]
[ 58 368 603 205 936]
[ 59 368 603 205 936]
[ 60 368 603 205 936]
[ 61 368 603 205 936]
[ 62 368 603 205 936]
[ 63 368 603 205 936]
[ 64 368 603 205 931]
[ 65 368 603 205 282]
[ 66 368 603 205 936]
[ 67 368 603 205 916]
[ 68 368 603 205 936]
[ 69 680 368 603 205]
[ 70 368 603 205 404]
[ 71  24 368  84 603]
[ 72 368 603 205 936]
[ 73 368 603 205 936]
[ 74 603 368 205 936]
[ 75 368 603 205 796]
[ 76 251  84 368 603]
[ 77 251 368  84 603]
[ 78 368 603 205 936]
[ 79 368 603 205 936]
[ 80  84 338  71 368]
[ 81 368 603 205 936]
[ 82 368 603 205  46]
[ 83 368 603 205  84]
[ 84 368 603 205 936]
[ 85 368 603 205 936]
[ 86 368 603 205 104]
[ 87 368 603 205 936]
[ 88 368 603 205 936]
[ 89 368 603 205 936]
[ 90 368 603 205 567]
[ 91 368 603 205 709]
[ 92 368 603  30 205]
[ 93 368 603 205 936]
[ 94 368 603 205 936]
[ 95 229 368 943 603]
[ 96 893 368 603 205]
[ 97 368 603 205 936]
[ 98 250 368  52 603]
[ 99 368 603 205 936]
[100 296  78 605 368]
[101 368 603 205 936]
[102 368 603 205 936]
[103 664 378 870 351]
[104 368 603 205 936]
[105 756 368 603 205]
[106 300 368 685 603]
[107 368 870 603 581]
[108 368 603 205 936]
[109 368 603 205 817]
[110 368 603 205 936]
[111 368 603 205 936]
[112 368 603 205 936]
[113 368 603 205 936]
[114 368 603 205 805]
[115 184 368 603 205]
[116 368 603 205 936]
[117 972 603 368 734]
[118 368 603 205 936]
[119 368 603 205 936]
[120 179 368 603 205]
[121 943 368 251 603]
[122 192 368 603 205]
[123 368 603 205 936]
[124 368 603 205 817]
[125 368 603 205 936]
[126 972 368 117 603]
[127 368 603 205  48]
[128 797 214 317 368]
[129 368 603 205 936]
[130 368 603 205 936]
[131 378 996 870 103]
[132 368 603 205 936]
[133 931 368 603 205]
[134 368 603 205 936]
[135 269 368 603 205]
[136 368 603 205 696]
[137 368 603 205 936]
[138 368 144 603 205]
[139 368 603 205 936]
[140 943 368 251 603]
[141 368 603 205 936]
[142 368 603 205 567]
[143 368 603 205 936]
[144 368 603 205 936]
[145 368 603 205 552]
[146 368 603 205 936]
[147 368 603 205 982]
[148 368 603 205 936]
[149 368 612 375 603]
[150 368 603 205 936]
[151 368 830 603 205]
[152 908 368 681 603]
[153 368 603 205 669]
[154 910 758 368 603]
[155 368 892 603 205]
[156 368 603 205 936]
[157 368 603 205 936]
[158 368 603 205 936]
[159 368 603 205 936]
[160 305 368 805 603]
[161 936 368 603 205]
[162 368 603 205 936]
[163 368 603 205 606]
[164 368 603 205 936]
[165 805 582 368 603]
[166 368 603 205 465]
[167 368 603 205 936]
[168 184 368 603 205]
[169 368 603 205 936]
[170 378 368 603 205]
[171 368 603 205 936]
[172 368 603 205 936]
[173 712 368 603 205]
[174 855  74 184 368]
[175 945 368 603 205]
[176 368 603 205 936]
[177 552 368 603 205]
[178 368 603 205 936]
[179 368 603 205 936]
[180 368 603 205 833]
[181 378 357 870 996]
[182 368 603 205 142]
[183 368 603 205 936]
[184 250 368 603 205]
[185 368 603 205 936]
[186 967 368 603 205]
[187 603 368 205 936]
[188 368 603 205 936]
[189 368 603 205  78]
[190 368 603 205 936]
[191 368 603 205 936]
[192 368 603 205 936]
[193 368 603 205 936]
[194 368 603 205 936]
[195 368 603 205 936]
[196 425 346 195 368]
[197 893 368 603 205]
[198 849 368 603 205]
[199 368 603 205 936]
[200 368 750 603 205]
[201 458 368 603 205]
[202 368 603 205 936]
[203 677 368 603 205]
[204 368 908 603 205]
[205 368 603 936 931]
[206 368 603 205 936]
[207 368 603 205 936]
[208 173 368 603 205]
[209 602 339 982 942]
[210 338 368 603 205]
[211 368 603 205 803]
[212 368 603 205 793]
[213 368 603 205 666]
[214 797 427 368 734]
[215 368 603 205 936]
[216 368 603 205 936]
[217 368 603 205 936]
[218 368 603 205 936]
[219 330 368 603 205]
[220 739 368 603 205]
[221 368 603 205  88]
[222  46 368 942 281]
[223 368 603 205 936]
[224 368 603 205 936]
[225 368 603 205 936]
[226 603 368 205 936]
[227 567 368 603 205]
[228 368 603 205 936]
[229  95 368 603 205]
[230 368 603 205 936]
[231 368 603 205 936]
[232 368 603 205 936]
[233 368 603 205 936]
[234 368 603 205 936]
[235 368 603 205 936]
[236 368 603 205 936]
[237 241 603  91 368]
[238 368 603 205 936]
[239 368 346 317 972]
[240 368 603 205 282]
[241 368 603  91 205]
[242 368 603 205 936]
[243 368 603 205 936]
[244 368 603 205 593]
[245 368 603 205 936]
[246 368 603 205 567]
[247 843 198 368 603]
[248 368 603 205 936]
[249 368 603 205 936]
[250 184 603 368 205]
[251  57 368 603 205]
[252 368 603 205 936]
[253 368 603 205 936]
[254 368 603 205 936]
[255 368 603 205 680]
[256 368 603 205 936]
[257 184 368 603 205]
[258 368 603 205 567]
[259 368 603 205 936]
[260 368 603 205 936]
[261 368 603 205 936]
[262 368 603 205 936]
[263 368 720 603 205]
[264 368 603 205 936]
[265 368 603 205 936]
[266 368 603 205 950]
[267 368 603 205 936]
[268 366 368 603 205]
[269 368 603 205 936]
[270 734 427 360 693]
[271 372 368 603 205]
[272 368 603 205  30]
[273 368 603 205 936]
[274 368 603 205 936]
[275 603 368 205 936]
[276 368 603 205 936]
[277 368 603 205 184]
[278 177 368 603 205]
[279 401 368 603 205]
[280 368 603 205 936]
[281 368 603 205 936]
[282 368 603 205 936]
[283 368 603 205 936]
[284  84 368 603 205]
[285 192 368 603 205]
[286 368 516 603 205]
[287 368 603 205 936]
[288 368 603 205 936]
[289 368 603 205 936]
[290 368  74 603 205]
[291 368 603 205 936]
[292 936 368 603 205]
[293 368 603 205 936]
[294 368 603 205  78]
[295 368 603 205 936]
[296 368 603 205 936]
[297 368 603 205 936]
[298 368 603 205 936]
[299 368 603 205 936]
[300 685 368 603 205]
[301 368 603 205 936]
[302 368 603 205 936]
[303 681 454 368 603]
[304 368 241 603  91]
[305 368 603 205 936]
[306 602 281 368 603]
[307 368 908 603 205]
[308 368 603 205 936]
[309 368 603 205 936]
[310 368 603 205 936]
[311 368 603 205 244]
[312  39 368 603 205]
[313 368 603 205 936]
[314 900 368 603 205]
[315 368 603 205 936]
[316 368 603 205 936]
[317 427 693 527 368]
[318 329 368 603 205]
[319 368 857 603 205]
[320 368 603 205 940]
[321 453 368 603 205]
[322 368  84 603 229]
[323 452 615 368 603]
[324 368 603 205 936]
[325 368 603 205 936]
[326 368 603 205 936]
[327 368 603 205 936]
[328 368 603 205 936]
[329 368 603 205 961]
[330 219 382 368 603]
[331 368 603 205 778]
[332 368 936 603 205]
[333 551 368 603 205]
[334 918 368 603 205]
[335 205 368 603 936]
[336 184 458 368 603]
[337 368 603 205 936]
[338 368 603 205 936]
[339 982 602 678 942]
[340 368 603 205 936]
[341 449 368 603 205]
[342 368 603 205 936]
[343 205 368 603 936]
[344 368 603 205 936]
[345 368 603 205 936]
[346  75 368 603 205]
[347 329 700 378 368]
[348 603 368  74 205]
[349 368 603 205 936]
[350 368 603 205 936]
[351 368 664 603 103]
[352 552 368 603 205]
[353 368 603 205 936]
[354 805 368 603 205]
[355 982 368 602 942]
[356 368 415 603 205]
[357 700 368 603 205]
[358 368 904 603 205]
[359  75 368 603 205]
[360 368 603 205 936]
[361  39 603 368 205]
[362 368 603 205 936]
[363 368 603 205 567]
[364 368 603 205 936]
[365 875 368 603 205]
[366 368 603 205 268]
[367 368 936 603 205]
[368 903 603 205 936]
[369 603 368 205  74]
[370 368 903 936 603]
[371  84 368 603 205]
[372 368 603 205 271]
[373 368 603 205 748]
[374 368 603 205 936]
[375 368 603 205 149]
[376 368 603 205 936]
[377 368  69 603 205]
[378 664 103 368 603]
[379 220 739 368 603]
[380 368 603 205 936]
[381 167 368 603 205]
[382 330 219 368 603]
[383 368 603 205 936]
[384 368 603 205 936]
[385 240 282 368 603]
[386 701 368 603 205]
[387 681 368 603 205]
[388 401 368 603 205]
[389 368 603 205 936]
[390 368 603 205 936]
[391 368 603 205 936]
[392 368 603 205 936]
[393 552 177 368 603]
[394 368 603 205 936]
[395 368 603 205 936]
[396 368 603 205 936]
[397 368 603 205 936]
[398 368 603 205 936]
[399 368 603 205 936]
[400 368 603 205 942]
[401 368 603 205 733]
[402 996 378 368 603]
[403 368 603 205 936]
[404 368 603 205 936]
[405 368 603 205 936]
[406 368 603 205 936]
[407 368 603 205 936]
[408 368 603 205 936]
[409 368 603 205 936]
[410 368 603 205 936]
[411 368 603  75 205]
[412  84 368 603 205]
[413 368 603 205 936]
[414 368 603 205 936]
[415 368 603 205 936]
[416 368 603 205 879]
[417 368 603 205 936]
[418 368 475 603 205]
[419 368 603 205 936]
[420 368 603 205 936]
[421 368 603 205 936]
[422 368 603 205 936]
[423 184 368 603 205]
[424 368 603 205 912]
[425 368 820 603  75]
[426 942 982 602 368]
[427 458 317 693 734]
[428 368 425 603  75]
[429 857 401 368 603]
[430 368 603 205 936]
[431 875 368 603 205]
[432 368 603 205 282]
[433 368 127 603 205]
[434 368 603 205 936]
[435 368 603 205 936]
[436 410 406 368 603]
[437 296 368 603 205]
[438 823 368 603 205]
[439 330 219 368 603]
[440 471 368 603 205]
[441 972 427 797 693]
[442 368 603 205 936]
[443 368 603 205 936]
[444 368 603 205 452]
[445 368 603 205 936]
[446 368 603 205 936]
[447 368 778 603 205]
[448 368 603 205  84]
[449 368 603 205 936]
[450 976 603 368 205]
[451 368 603 205 936]
[452 368 603 205 936]
[453 368 603 205 936]
[454 368 603 205 936]
[455 329 492 797 128]
[456 368 603 205 936]
[457 936 295 368 603]
[458 368 693 603 427]
[459 368 603 205 664]
[460 366 415 368 603]
[461 368 603 205 936]
[462 368 603 516 205]
[463 913 368 603 205]
[464  75 368 603 205]
[465 368 166 603 205]
[466 177 368 603 205]
[467 296 368 603 205]
[468 368 603 205 529]
[469  75 368 603 205]
[470 368 603 205 936]
[471 368 603 205 802]
[472 749 368 603 205]
[473 192 368 603 205]
[474 368 603 215 205]
[475 368 603 205 936]
[476 368 603 205 936]
[477 368 603 205 936]
[478 368 603 205 487]
[479 368 603 205 936]
[480 368 603 205 936]
[481  75 368 411 603]
[482 368 603 205 936]
[483 368 603 205 931]
[484 360 817 368 603]
[485 368 603 205  30]
[486  84 281 177 368]
[487 368 451 603 205]
[488 368 603 205 936]
[489 378 996 103 664]
[490 368 603 205 936]
[491 368 415 603 205]
[492 368 603 205 936]
[493 368 603 205 857]
[494 646 368 603 205]
[495 368 603 205 470]
[496 368 603 205 936]
[497 205 368 603 452]
[498 368 603 205 850]
[499 368 603 471 205]
[500 368 603 205 936]
[501 778 368 331 603]
[502 368 603 205 340]
[503 368 603 205 931]
[504 368 603 205 357]
[505 567 368 603 205]
[506 647 368 184 603]
[507 411 368 875 603]
[508 368 603 205 153]
[509 368 603 205 936]
[510 615 368 603 205]
[511 734 368 214 603]
[512 378 700 664 797]
[513 368 603 205 936]
[514 961 329 368 603]
[515 368 603 205 936]
[516 368 603 205 936]
[517 368 603 205 936]
[518 368 603 205 936]
[519 368 603 205 936]
[520 346 566 368 603]
[521 251  95 368 603]
[522 368 603 205 936]
[523 368 603 205 936]
[524 453 368 603 205]
[525 368 603 205 149]
[526 378 664 103 368]
[527 368 664 603 205]
[528 475 368 603 205]
[529 368 603 205 936]
[530 368 603 205 936]
[531 368 603 205 219]
[532 368 603 205 936]
[533 368 603 205 817]
[534 368 603 205 936]
[535 368 603 205 817]
[536 931 368 603 205]
[537 330 219 368 382]
[538 368 603 205 936]
[539 368 603 205 936]
[540  46 368 603 205]
[541 104 368 603 205]
[542 368 603 205 817]
[543 931 368 603 205]
[544 529 368 105 603]
[545 680 368 603 205]
[546 943 368 603 229]
[547 602 982 368 678]
[548 368 603 205 936]
[549 425 368 603 205]
[550 368 603 205  75]
[551 274 368 603 205]
[552 368 177 603 205]
[553 902 368 603 205]
[554 378 664 368 603]
[555 368 603 205 936]
[556 913 368 603 205]
[557 368 603 205 936]
[558 368 603 205 936]
[559 368 603 205 593]
[560 368 603 205  75]
[561  39 368 685 603]
[562 368 603 205 936]
[563  91 368 603 205]
[564 177 330 219 552]
[565 368 778 603 205]
[566 368 603 205 936]
[567 368 603 205 936]
[568 368 603 205 424]
[569 368 603 205 936]
[570 368 603 205 936]
[571 368 603 205 936]
[572 368 603 205 936]
[573 612 281 942 368]
[574 857 368 603 205]
[575 602 982 942 368]
[576 615 368 603 205]
[577 205 368 603 936]
[578 942 602 982 426]
[579 368 603 205 936]
[580 368 603 205  46]
[581 368 603 205 936]
[582 368 603 205 936]
[583 820  75 411 368]
[584 368 603 205 908]
[585 368 603 205 936]
[586 368 458 664 603]
[587 368 603 205 936]
[588 368 603 205 936]
[589 368 603 205  15]
[590  15 368 603 205]
[591 368 603  75 205]
[592 368 603 205 936]
[593 368 603 205 936]
[594 368 603 205 936]
[595 368 603 205 936]
[596 368 603 205 936]
[597 368 603 205 936]
[598 184 647  74 603]
[599 803 368 603 205]
[600 357 368 700 603]
[601 368 603 205 936]
[602 982 942 339 368]
[603 368 205 936  74]
[604 798 903 368 322]
[605 368 603 205 936]
[606 368 603 205 936]
[607 368 603 205 274]
[608 368 603 205 936]
[609 817 368 603 205]
[610 368 552 603 205]
[611 368 603 205 936]
[612 149 368 603 205]
[613 271 368 930 603]
[614 368 603 205 936]
[615 576 368 603 205]
[616 368 603 205 329]
[617 177 552 368 603]
[618 368 603 205 936]
[619 475 368 603 205]
[620 368 603  49 205]
[621 368 603 205 936]
[622 368 603 205 936]
[623 205 368 603 936]
[624 368 603 205 943]
[625 368 603 205 936]
[626 368 603 205 936]
[627 368 603 205 936]
[628 368 603 205 175]
[629 214 427 329 492]
[630 368 603 648 205]
[631 805 368 603 205]
[632 368 603 205 936]
[633 368 603 205 936]
[634 368 603 205 936]
[635 368 712 603 205]
[636 368 603 205 936]
[637 368 603 205 936]
[638 603 368 205 936]
[639 329 664 378 996]
[640 368 603 205 936]
[641 765 368 603 205]
[642 368 603 205 950]
[643 368 603 205 936]
[644 368 603 205 936]
[645 368 603 205 805]
[646 368 603 205 750]
[647 368 184  74 603]
[648 368 603 205 936]
[649 696 368 194 603]
[650 368 603 205 952]
[651 368 603 205 453]
[652 368 603 205 936]
[653 368 603 205 936]
[654 354 368 603 205]
[655 368 603 205 936]
[656 368 603 205  62]
[657 368 603 205 936]
[658 368 603 205 936]
[659 368 603 295 205]
[660 921 368 415 603]
[661 368 603 205 936]
[662 340 368 603 205]
[663 368 603 205 936]
[664 103 378 870 368]
[665 368 603 205 936]
[666 368 603 205 936]
[667 957 368 681 603]
[668 534 368 603 205]
[669 368 603 205 153]
[670 368 603 205 936]
[671 368 603 205 936]
[672 368 603 205 936]
[673 368 603 805 205]
[674 368 603 205 936]
[675 368 603 205 936]
[676 368 603 205 747]
[677 368 603 205 936]
[678 368 603 205 982]
[679 368 603 205  46]
[680 368 603 205 936]
[681 368 603 205 936]
[682  75 425 368 820]
[683 368 603 205 936]
[684 950 368 603 205]
[685 300 368 603 205]
[686 368 603 205 936]
[687 368 603 205 936]
[688 368 603 205 452]
[689 368 603 205 936]
[690 368 603 205 936]
[691 368 603 205 936]
[692 368 603 205 519]
[693 458 368 603 427]
[694 368 603 205 936]
[695 368 331  30 603]
[696 368 603 205 936]
[697 368 603 205 641]
[698 368 603 205 936]
[699 783 223 368 603]
[700 357 368 603 205]
[701 386 368 603 205]
[702 368 603 205 936]
[703 368 603 205 936]
[704 368 603 205 936]
[705 296 295 368 603]
[706 368 603 205 936]
[707 693 972 360 368]
[708 368  74 603 205]
[709  91 368 603 205]
[710 368 603 205 606]
[711 778 368 603 205]
[712 368 603 205 567]
[713 368 603 205 936]
[714 368 603 205 936]
[715 368 603 205 424]
[716 368 603 205 936]
[717 368 603 205 936]
[718 368 603 205 936]
[719  91 368 603 205]
[720 368 603 205 415]
[721 368 603 205 936]
[722 368 603 205 936]
[723 368 603 205 936]
[724 347 378 664 329]
[725 368 603 205 936]
[726 368 603 205 936]
[727 368 603 205 936]
[728 295 368 603 205]
[729 368 603 205 936]
[730 368 603 205 936]
[731 368 936 603 205]
[732 368 603 205 936]
[733 401 368 603 205]
[734 972 368 603 205]
[735 603 368 378 205]
[736 368 603 205 936]
[737 368 603 205 936]
[738  75 368 603 205]
[739 220 368 603 205]
[740 768 368 603 205]
[741 603 368 205 936]
[742 368 603 205  75]
[743 368 603 205 936]
[744 630 184 368 603]
[745 368 603 205 936]
[746 330 368 603 205]
[747 368 603 205 928]
[748 368 603 205 936]
[749 368 603 205 936]
[750 368 603 205 936]
[751  74 603 368 712]
[752  75 368 873 796]
[753 368 603 205 809]
[754 368 603 205 936]
[755 368 603 205 936]
[756 802 368 603 205]
[757 368 603 205 936]
[758 368 910 603 154]
[759 368 603 205 936]
[760 368 603 205 936]
[761 368 603 205 936]
[762 918 368 603 205]
[763 680 368 603 205]
[764 368 603 205 936]
[765 368 603 205 641]
[766 731  30 368 603]
[767 368 603 205 756]
[768 368 603 205 936]
[769 836  91 368 603]
[770 603 368 205 936]
[771 368 603 205 972]
[772 368 603 205 936]
[773 368 603 805 205]
[774 368 603 205 936]
[775 368 603 205 936]
[776 368 603 205 936]
[777 368 603 205 936]
[778 368 603 205 936]
[779 783 368 603 205]
[780 857 368 603 205]
[781 382 219 368 330]
[782 368 603 205 936]
[783 368 603 205 779]
[784 368 603 205 936]
[785 587 368 603 205]
[786 194 368 603 205]
[787 368 603 205 936]
[788 368 603 205 936]
[789 368 487 603 205]
[790 368 603 205 936]
[791 942 368 603 205]
[792   1 817 368 603]
[793 368 603 205 936]
[794 368 603 205 931]
[795 368 603 205 936]
[796  75 368 603 205]
[797 214 961 368 378]
[798 368 603 205 936]
[799 368 194 603 205]
[800 615 368 603 510]
[801 368 603 205 936]
[802 368 756 603 205]
[803 368 603 205 599]
[804 368 603 205 936]
[805 368 603 205 936]
[806 368 603 205 936]
[807 368 603 205 936]
[808 368 603 205 295]
[809 368 603 205 936]
[810 368 603 806 205]
[811 368 603 205 936]
[812 603 368 205 936]
[813 368 603 205 184]
[814 136 368 603 184]
[815 664 368 198 330]
[816 368 603 205 360]
[817 368 603 205 936]
[818 368 603 296 295]
[819 492 368 734 664]
[820 425  75 368 603]
[821 709 368 603 205]
[822 368 603 205 936]
[823 368 603 205 936]
[824 219 368 603 205]
[825 879 368 603 205]
[826 368 603 205 936]
[827 368 603 205 936]
[828 368 603 205 184]
[829 942 766 602 426]
[830 368 603 205 936]
[831 368 778 603 205]
[832 368 603 205 415]
[833 368 603 205 936]
[834 177 552 368 972]
[835 368 603 205 936]
[836 368 603  91 205]
[837 830 368 603 205]
[838 368 603 205 936]
[839 300 368 603 205]
[840 606 368 603 205]
[841 368 603 205 936]
[842 368 603 205 606]
[843 870 220 368 664]
[844 368 603 205 936]
[845 368 603 205 936]
[846 368 603 205 936]
[847 982 602 368 603]
[848 368 603 205  74]
[849 198 368 664 603]
[850 498 368 603 205]
[851 823 368 603 205]
[852 368 603 205 282]
[853 368 936 603 205]
[854 368 603 205 936]
[855  74 368 194 603]
[856 368 603 205 936]
[857 368 780 603 205]
[858 368 603 205 936]
[859 146 368 378 678]
[860 368 603 205 936]
[861 368 603 205 936]
[862 368 603 205 936]
[863 368 603 205 936]
[864 700 378 664 996]
[865 368 603 205 936]
[866 368 603 205 700]
[867 936 368 603 205]
[868 314 368 603 205]
[869 368 603 205 936]
[870 664 103 368 603]
[871 368 603 205 936]
[872 368 603 205 936]
[873 368 603 205 936]
[874 368 603 205 802]
[875 368 603 205 936]
[876 368 603 205 936]
[877 918 368  15 603]
[878 368 603 205 936]
[879 368 603 205 936]
[880 368 603 205 936]
[881 368 603 205 936]
[882 368 603 205 936]
[883  78 368 603 295]
[884 368 603 205 936]
[885 368 603 205 936]
[886 928 368 603 205]
[887 368 603 205 817]
[888 368 603 205 936]
[889 368 603 205 885]
[890 368 603 205 593]
[891 368 603 205 166]
[892 368 603 205 936]
[893 368 603 205 936]
[894 368 603 205 936]
[895 368 603 205 936]
[896 368 603 205 936]
[897 368 603 205 936]
[898 329 664 378 368]
[899 368 603 205 936]
[900 314 368 552 603]
[901 368 603 205 936]
[902 368 603 205 936]
[903 368 603 205 936]
[904 368 603 205 936]
[905 368 603 205 936]
[906 368 603 205 936]
[907 313 368 143 603]
[908 368 603 205 936]
[909 368 179 603 205]
[910 154 758 368 603]
[911 748 368 603 205]
[912 368 603 205 424]
[913 368 463 603 205]
[914 368 603 482 205]
[915 368 603 205 936]
[916 368 603 205 936]
[917 368 282 603 205]
[918 368 603 205 936]
[919 567 313 368 603]
[920 103 378 870 351]
[921 368 542 603 205]
[922 368 603 205 329]
[923 368 603 205 936]
[924 368 603 205 936]
[925 368 603 205 401]
[926 368 603 401 205]
[927 368 603 205 936]
[928 368 603 205 936]
[929 368 603 205 936]
[930 368 603 205 936]
[931 536 368 603 205]
[932  46 368 603 205]
[933 368 603 205 936]
[934 368 750 603 205]
[935 368 603 205 936]
[936 368 603 205 931]
[937 605 368 603 205]
[938 368 603 205 192]
[939 942 602 982 368]
[940 368 603 205 936]
[941 368 603 205  84]
[942 602 982 939 426]
[943 546 368 603 205]
[944  13 368 603 205]
[945 175 368 603 205]
[946 647  74 184 368]
[947 368 603 205 936]
[948 205 368 603 936]
[949 368 603 205 936]
[950 368 603 205 936]
[951 192 368 603 205]
[952 368 603 205 936]
[953 368 603 205 936]
[954 368 603 205 936]
[955 615 693 368 603]
[956 368 603 205 229]
[957 368 603 205 936]
[958 817 368 603 205]
[959 368 603 205 936]
[960 368 936 603 205]
[961 368 603 205 936]
[962 368 603 205 192]
[963 368 603 205 250]
[964 368  91 603 205]
[965 368 603 205 936]
[966 368 603 205 936]
[967 229 368 603 205]
[968 368 603 205 936]
[969 368 603 205 936]
[970 368 830 603 205]
[971 368 603 205 101]
[972 734 117 603 368]
[973 368 603 205 817]
[974  55 885 316 368]
[975 615 806 576 368]
[976 603 368 205 936]
[977 368 720 603 205]
[978 368 603 205 936]
[979 368 603 205 936]
[980 602 942 982 426]
[981 368 603 372 205]
[982 602 339 942 368]
[983 918 368 603 205]
[984 368 603 205 936]
[985 179 368 603 205]
[986 368 603 205 936]
[987 194 855 192 696]
[988 452 368 603 205]
[989 368 603 205 936]
[990 936 368 603 205]
[991 368 603 205 672]
[992 368 603 205 936]
[993 368 603 205 167]
[994 143 368 603 205]
[995 368 603 205 241]
[996 368 603 205 936]
[997 368 603 205 936]
[998 368 804 603 205]
[999 368 603 205 936]
