31.2249399861 121.447779486
31.2246829861 121.447049485
31.2246719861 121.446852485
31.2252649861 121.446474485
31.2254729861 121.446352485
31.2255349861 121.446352485
31.2261399861 121.446127485
31.2261979861 121.446126485
31.2266819861 121.445652484
31.2267549861 121.445761484
31.2268699861 121.445719484
31.2270469861 121.445739484
31.2269069861 121.445154484
31.226776986 121.444757483
31.226576986 121.444304483
31.226564986 121.444266483
31.226394986 121.443932482
31.226332986 121.443799482
31.226362986 121.443554482
31.226461986 121.443304482
31.227091986 121.443056481
31.227917986 121.442749481
31.228746986 121.442506481
31.229387986 121.442322481
31.230341986 121.442111481
31.230799986 121.442026481
31.231094986 121.442022481
31.2318919859 121.44171448
31.2326669859 121.44105448
31.2334299859 121.440192479
31.2341919859 121.439412478
31.2342869859 121.439352478
31.2343169859 121.439354478
31.2343879859 121.439426478
31.2348279859 121.440481479
31.2352929859 121.44165448
31.235539986 121.442461481
31.235479986 121.442452481
31.235874986 121.443144482
31.236276986 121.443972483
31.236512986 121.444749483
31.236552986 121.444901484
31.2366769861 121.445001484
31.2367319861 121.444966484
31.236879986 121.444829483
31.237562986 121.444134483
31.238081986 121.443624482
31.238122986 121.443624482
31.238622986 121.443234482
31.239404986 121.442614481
31.240131986 121.442022481
31.2409079859 121.44140948
31.2417369859 121.440521479
31.2423969859 121.439686478
31.2429779859 121.439017478
31.2434329858 121.438544477
31.2435629858 121.438391477
31.2438469858 121.438092477
31.2440879858 121.437856477
31.2441119858 121.437819477
31.2447119858 121.437109476
31.2450569858 121.436676475
31.2449779858 121.436429475
31.2442679857 121.435424474
31.2434799857 121.434567473
31.2428149857 121.433874473
31.2426249857 121.433706472
31.2421879857 121.432887472
31.2416049856 121.432262471
31.2408569856 121.43149147
31.2400479856 121.430721469
31.2396879855 121.429571468
31.2394729855 121.428617467
31.2389699855 121.427607466
31.2380969855 121.426802465
31.2371979854 121.426451465
31.2364079854 121.426102465
31.2359999854 121.425944464
31.2354729854 121.425294464
31.2347869854 121.424677463
31.2340299854 121.424122462
31.2332719853 121.423467462
31.2322569853 121.423024461
31.2309599853 121.422794461
31.2293769853 121.422932461
31.2277969853 121.423104461
31.2264119853 121.423112461
31.2258899853 121.422844461
31.2252079853 121.42230446
31.2248529853 121.42205246
31.2248449853 121.42203446
31.2246279853 121.42170746
31.2245049853 121.42157746
31.2244679853 121.42152646
31.2243199853 121.421372459
31.2238679852 121.420834459
31.2236299852 121.420594459
#
