31.1909899844 121.396679433
31.1900269844 121.397399434
31.1887279845 121.398332435
31.1875979845 121.399086435
31.1867749845 121.399591436
31.1865749845 121.399646436
31.1864099845 121.399607436
31.1863529845 121.399504436
31.1861379845 121.398644435
31.1857649844 121.397474434
31.1854849844 121.396729433
31.1854629844 121.396721433
31.1852149844 121.396927433
31.1851149844 121.396996433
31.1846169844 121.397642434
31.1842749844 121.397614434
31.1841679844 121.397556434
31.1841349844 121.397572434
31.1840379844 121.397561434
31.1839419844 121.397617434
31.1839329844 121.397642434
31.1838929844 121.397681434
31.1838719844 121.397742434
31.1834749844 121.397864434
31.1834549844 121.397919434
31.1833329844 121.398002434
31.1833029844 121.398031434
31.1829919845 121.398109434
31.1829549844 121.398054434
31.1829569844 121.397986434
31.1828879844 121.397597434
31.1828169844 121.397297433
31.1828419844 121.397221433
31.1830549844 121.397024433
31.1831129844 121.397166433
31.1832869844 121.397802434
31.1833429844 121.397891434
31.1833399844 121.397927434
31.1834129844 121.397932434
31.1837149844 121.397662434
31.1838319844 121.397516434
31.1840569844 121.397464434
31.1840919844 121.397522434
31.1841649844 121.397482434
31.1842749844 121.397504434
31.1847479844 121.397239433
31.1849649844 121.397134433
31.1849519844 121.397099433
31.1851799844 121.396992433
31.1852599844 121.396926433
31.1855029844 121.396914433
31.1859129844 121.397719434
31.1862729845 121.398672435
31.1863229845 121.398837435
31.1863999845 121.399199435
31.1866349845 121.400456437
31.1868399846 121.401616438
31.1870829846 121.402997439
31.1873129847 121.404362441
31.1876429847 121.405624442
31.1880149848 121.406796443
31.1883469848 121.407791445
31.1884079848 121.408027445
#
31.2295849866 121.463332502
31.2295279866 121.463134501
31.2294629866 121.463112501
31.2294399866 121.463031501
31.2294579866 121.462992501
31.2293879866 121.462946501
31.2293829866 121.462889501
31.2293149866 121.462851501
31.2282219866 121.462976501
31.2279999866 121.463039501
31.2279729866 121.462897501
31.2279219866 121.462976501
31.2277379866 121.463106501
31.2276719866 121.463174501
31.2262679867 121.464616503
31.2255429867 121.465302503
31.2254049867 121.465314503
31.2249429867 121.465727504
31.2246969867 121.465642504
31.2244399867 121.465506504
31.2244099867 121.465537504
31.2244049867 121.465574504
31.2244349867 121.465612504
31.2250879867 121.466132504
31.2255049867 121.467047505
31.2257679868 121.468209506
31.2261169868 121.469127507
31.2264879869 121.470586508
31.2270429869 121.47180651
31.2275849869 121.472691511
31.2275279869 121.472837511
31.2276199869 121.473051511
31.2276219869 121.473119511
31.228029987 121.473666511
31.228011987 121.473709512
31.228024987 121.473734512
31.228192987 121.474312512
31.228331987 121.474659512
31.228336987 121.474657512
31.228399987 121.474741513
31.228599987 121.475316513
31.228626987 121.475399513
31.228837987 121.475569513
31.229092987 121.475892514
31.229151987 121.475912514
31.229189987 121.476486514
31.229227987 121.476531514
31.229306987 121.476541514
31.2296699871 121.477391515
31.2299319871 121.477834516
31.2301169871 121.477974516
31.2301669871 121.478132516
31.2301949871 121.478491516
31.2306369871 121.479292517
31.2309369872 121.479936518
31.2310349872 121.479959518
31.2315799871 121.479566517
31.2316499871 121.479546517
31.2316829871 121.479482517
31.2318749871 121.479347517
31.2325319871 121.478874517
#
31.2249399861 121.447779486
31.2246829861 121.447049485
31.2246719861 121.446852485
31.2252649861 121.446474485
31.2254729861 121.446352485
31.2255349861 121.446352485
31.2261399861 121.446127485
31.2261979861 121.446126485
31.2266819861 121.445652484
31.2267549861 121.445761484
31.2268699861 121.445719484
31.2270469861 121.445739484
31.2269069861 121.445154484
31.226776986 121.444757483
31.226576986 121.444304483
31.226564986 121.444266483
31.226394986 121.443932482
31.226332986 121.443799482
31.226362986 121.443554482
31.226461986 121.443304482
31.227091986 121.443056481
31.227917986 121.442749481
31.228746986 121.442506481
31.229387986 121.442322481
31.230341986 121.442111481
31.230799986 121.442026481
31.231094986 121.442022481
31.2318919859 121.44171448
31.2326669859 121.44105448
31.2334299859 121.440192479
31.2341919859 121.439412478
31.2342869859 121.439352478
31.2343169859 121.439354478
31.2343879859 121.439426478
31.2348279859 121.440481479
31.2352929859 121.44165448
31.235539986 121.442461481
31.235479986 121.442452481
31.235874986 121.443144482
31.236276986 121.443972483
31.236512986 121.444749483
31.236552986 121.444901484
31.2366769861 121.445001484
31.2367319861 121.444966484
31.236879986 121.444829483
31.237562986 121.444134483
31.238081986 121.443624482
31.238122986 121.443624482
31.238622986 121.443234482
31.239404986 121.442614481
31.240131986 121.442022481
31.2409079859 121.44140948
31.2417369859 121.440521479
31.2423969859 121.439686478
31.2429779859 121.439017478
31.2434329858 121.438544477
31.2435629858 121.438391477
31.2438469858 121.438092477
31.2440879858 121.437856477
31.2441119858 121.437819477
31.2447119858 121.437109476
31.2450569858 121.436676475
31.2449779858 121.436429475
31.2442679857 121.435424474
31.2434799857 121.434567473
31.2428149857 121.433874473
31.2426249857 121.433706472
31.2421879857 121.432887472
31.2416049856 121.432262471
31.2408569856 121.43149147
31.2400479856 121.430721469
31.2396879855 121.429571468
31.2394729855 121.428617467
31.2389699855 121.427607466
31.2380969855 121.426802465
31.2371979854 121.426451465
31.2364079854 121.426102465
31.2359999854 121.425944464
31.2354729854 121.425294464
31.2347869854 121.424677463
31.2340299854 121.424122462
31.2332719853 121.423467462
31.2322569853 121.423024461
31.2309599853 121.422794461
31.2293769853 121.422932461
31.2277969853 121.423104461
31.2264119853 121.423112461
31.2258899853 121.422844461
31.2252079853 121.42230446
31.2248529853 121.42205246
31.2248449853 121.42203446
31.2246279853 121.42170746
31.2245049853 121.42157746
31.2244679853 121.42152646
31.2243199853 121.421372459
31.2238679852 121.420834459
31.2236299852 121.420594459
#
31.2184629863 121.454336492
31.2188119864 121.454646493
31.2190599864 121.455382494
31.2195369864 121.456466495
31.2196829864 121.456654495
31.2197499864 121.456647495
31.2203479864 121.456464495
31.2206979864 121.456327494
31.2209069864 121.456299494
31.2215579864 121.455961494
31.2215949864 121.455859494
31.2215249864 121.455407494
31.2215019864 121.455281493
31.2213799864 121.454941493
31.2212849864 121.455099493
31.2213829864 121.455601494
31.2214149864 121.455596494
31.2215369864 121.455499494
31.2214379864 121.455077493
31.2213879864 121.454947493
31.2213569864 121.454924493
31.2212969864 121.454936493
31.2212629864 121.454992493
31.2212719864 121.455059493
31.2213679864 121.455544494
31.2213829864 121.455794494
31.2213749864 121.455896494
31.2213749864 121.455957494
31.2214299864 121.456016494
31.2214599864 121.456017494
31.2221219864 121.455731494
31.2223399864 121.455606494
31.2224549864 121.455581494
31.2226419864 121.455666494
31.2226749864 121.455696494
31.2228829864 121.456212494
31.2232769864 121.456747495
31.2234219864 121.457036495
31.2233379864 121.457202495
31.2232849864 121.457299495
31.2231799864 121.457409496
31.2231779864 121.457429496
31.2231029865 121.457697496
31.2231079865 121.458016496
31.2231719865 121.458576497
31.2232379865 121.458732497
31.2233279865 121.458706497
31.2233649865 121.458679497
31.2235879865 121.458454497
31.2237179865 121.458509497
31.2237799865 121.458512497
31.2238379865 121.458526497
31.2239519865 121.458537497
31.2240549865 121.458546497
31.2241069865 121.458546497
31.2242049865 121.458591497
31.2245379865 121.458581497
31.2245679865 121.458579497
31.2245949865 121.458572497
31.2246269865 121.458572497
31.2246869865 121.458594497
31.2251549865 121.458622497
#
