31.2534699863 121.45104649
31.2538519862 121.45077749
31.2542269863 121.45098949
31.2543569863 121.45131649
31.2544149863 121.451807491
31.2543579863 121.452894492
31.2542549863 121.453901493
31.2542099864 121.454552493
31.2542569864 121.455871495
31.2543099865 121.457419496
31.2545169865 121.458652497
31.2543869865 121.458906498
31.2544049865 121.458981498
31.2544499865 121.459096498
31.2544749865 121.459119498
31.2545099865 121.459122498
31.2546449865 121.459101498
31.2547099865 121.459102498
31.2547829865 121.459124498
31.2548699865 121.459129498
31.2549479865 121.459144498
31.2550219865 121.459171498
31.2550769865 121.459191498
31.2552069865 121.459217498
31.2553719865 121.459321498
31.2555469865 121.459331498
31.2563449865 121.459787499
31.2569149865 121.459844499
31.2580879865 121.459577498
31.2584179865 121.459491498
31.2585349865 121.459496498
31.2596329865 121.459032498
31.2605429865 121.458674498
31.2620219865 121.457904497
31.2628799864 121.457096496
31.2634019864 121.456587496
31.2640229864 121.456127495
31.2646769864 121.455812495
31.2648069864 121.455829495
31.2653199864 121.455617495
31.2655579864 121.455676495
31.2663319864 121.455282494
31.2663429864 121.455274494
31.2663799864 121.455229494
31.2666229864 121.455037494
31.2666469864 121.454897494
31.2667019864 121.454857494
31.2666949864 121.454811494
31.2668579864 121.454802494
31.2671229864 121.454941494
31.2672599864 121.455306494
31.2673379864 121.455334495
31.2679099864 121.456397496
31.2683879865 121.457301496
31.2683769865 121.457416497
31.2681379865 121.457592497
31.2672419865 121.458146497
31.2663319865 121.458689498
31.2658399865 121.459254498
31.2652079865 121.459662499
31.2650219865 121.459744499
31.2649249865 121.459904499
31.2642019865 121.460161499
31.2641119865 121.460096499
31.2638119865 121.459069498
31.2637129865 121.458689498
31.2634949865 121.457937497
31.2632479865 121.458042497
31.2627779865 121.457304496
31.2624729864 121.456511496
31.2623819864 121.456554496
31.2619369865 121.457179496
31.2617229865 121.457436496
31.2617479865 121.458081497
31.2608049865 121.459336498
31.2595599865 121.460039499
31.2579919866 121.4606475
31.2574349866 121.4608575
31.2557799866 121.460399499
31.2547179865 121.459184498
#
