31.1739149845 121.401051437
31.1739279845 121.401047437
31.1745049845 121.400856437
31.1755629845 121.400624437
31.1765799845 121.400367436
31.1767499845 121.400351436
31.1768379845 121.400349436
31.1772999845 121.400211436
31.1780849845 121.400111436
31.1787369845 121.399951436
31.1787199845 121.399906436
31.1788469845 121.399884436
31.1788619845 121.399916436
31.1796529845 121.399682436
31.1801229845 121.399596436
31.1802399845 121.399624436
31.1803099845 121.399721436
31.1806199845 121.400406437
31.1808469846 121.401247437
31.1810629846 121.401859438
31.1812669846 121.402174438
31.1812679846 121.402289439
31.1815369846 121.403009439
31.1816749846 121.40347644
31.1817629846 121.40345144
31.1819199846 121.403046439
31.1829079846 121.402379439
31.1838119846 121.401802438
31.1845999846 121.401249438
31.1852779845 121.400779437
31.1858049845 121.400382437
31.1861449845 121.400164436
31.1867849845 121.399796436
31.1876319845 121.399166435
31.1882979845 121.398662435
31.1890099845 121.398109434
31.1899599844 121.397356434
31.1905969844 121.396984433
31.1908049844 121.397086433
31.1909979844 121.397284434
31.1909469845 121.398304435
31.1908829845 121.399286436
31.1909179845 121.399302436
31.1908049845 121.400337437
31.1907669846 121.401627438
31.1907729846 121.40299244
31.1907469847 121.403997441
31.1907629847 121.404146441
31.1909329847 121.404184441
31.1909469847 121.404119441
31.1910719847 121.404139441
31.1912349847 121.404137441
31.1921729847 121.404284441
31.1922779847 121.404314441
31.1923849847 121.404291441
31.1925829847 121.404297441
31.1926719847 121.404296441
31.1928729847 121.404199441
31.1929249847 121.404204441
31.1929819847 121.404219441
31.1931449847 121.404317441
31.1952169847 121.405304442
#
