31.2295849866 121.463332502
31.2295279866 121.463134501
31.2294629866 121.463112501
31.2294399866 121.463031501
31.2294579866 121.462992501
31.2293879866 121.462946501
31.2293829866 121.462889501
31.2293149866 121.462851501
31.2282219866 121.462976501
31.2279999866 121.463039501
31.2279729866 121.462897501
31.2279219866 121.462976501
31.2277379866 121.463106501
31.2276719866 121.463174501
31.2262679867 121.464616503
31.2255429867 121.465302503
31.2254049867 121.465314503
31.2249429867 121.465727504
31.2246969867 121.465642504
31.2244399867 121.465506504
31.2244099867 121.465537504
31.2244049867 121.465574504
31.2244349867 121.465612504
31.2250879867 121.466132504
31.2255049867 121.467047505
31.2257679868 121.468209506
31.2261169868 121.469127507
31.2264879869 121.470586508
31.2270429869 121.47180651
31.2275849869 121.472691511
31.2275279869 121.472837511
31.2276199869 121.473051511
31.2276219869 121.473119511
31.228029987 121.473666511
31.228011987 121.473709512
31.228024987 121.473734512
31.228192987 121.474312512
31.228331987 121.474659512
31.228336987 121.474657512
31.228399987 121.474741513
31.228599987 121.475316513
31.228626987 121.475399513
31.228837987 121.475569513
31.229092987 121.475892514
31.229151987 121.475912514
31.229189987 121.476486514
31.229227987 121.476531514
31.229306987 121.476541514
31.2296699871 121.477391515
31.2299319871 121.477834516
31.2301169871 121.477974516
31.2301669871 121.478132516
31.2301949871 121.478491516
31.2306369871 121.479292517
31.2309369872 121.479936518
31.2310349872 121.479959518
31.2315799871 121.479566517
31.2316499871 121.479546517
31.2316829871 121.479482517
31.2318749871 121.479347517
31.2325319871 121.478874517
#
31.2104549884 121.521691556
31.2096279884 121.521259555
31.2085999883 121.520709555
31.2071749883 121.519916554
31.2058229883 121.519176553
31.2043619883 121.518354553
31.2032319883 121.517679552
31.2029549883 121.517414552
31.2029849882 121.516969551
31.2032249882 121.51563455
31.2034969882 121.514304549
31.2036699881 121.513542548
31.2036919881 121.513456548
31.2036979881 121.513232548
31.2034369881 121.512954548
31.2028429881 121.512651547
31.2023099881 121.512369547
31.2018819881 121.512191547
31.2013679881 121.511914547
31.2011369881 121.511986547
31.2010999881 121.512277547
31.2010669881 121.512697547
31.2010779881 121.512921548
31.2011099881 121.512924548
31.2017519881 121.513264548
31.2020999881 121.513447548
31.2021349881 121.513466548
31.2020519881 121.513417548
31.2015299881 121.513179548
31.2011199881 121.512911548
31.2010569881 121.512484547
31.2010969881 121.512109547
31.2012219881 121.511874547
31.2020729881 121.512322547
31.2027919881 121.512714548
31.2033329881 121.513012548
31.2040369881 121.513371548
31.2049499882 121.513856549
31.2063269882 121.514581549
31.2067949882 121.51483155
31.2073349882 121.51514155
31.2079899882 121.51550155
31.2087779882 121.515934551
31.2094919882 121.516312551
31.2099299882 121.516532551
31.2100829882 121.516601551
31.2104999882 121.516822551
31.2105849882 121.516951552
31.2105519882 121.517189552
31.2104629883 121.517544552
31.2102219883 121.518697553
31.2100499883 121.520111554
31.2099879883 121.520736555
31.2099719884 121.521302555
31.2099479884 121.522472557
31.2098999884 121.523736558
31.2098499885 121.524966559
31.2097949885 121.52601656
31.2096279885 121.526914561
31.2094649885 121.527039561
31.2092479885 121.527009561
31.2081029885 121.52656456
31.2066769885 121.52604956
31.2053519885 121.525571559
31.2040569885 121.525084559
31.2026719885 121.524637558
31.2013879885 121.524519558
31.2002199884 121.523796558
31.1988379884 121.523004557
31.1973929884 121.522426556
31.1961479884 121.521904556
31.1953069884 121.521509555
#
