31.2063099885 121.525834559
31.2054419885 121.525539559
31.2041149885 121.525044559
31.2028899885 121.524357558
31.2019429884 121.523311557
31.2016779884 121.522849557
31.2019319884 121.521491555
31.2023219883 121.519781554
31.2027429883 121.517889552
31.2030649882 121.516257551
31.2033369882 121.514684549
31.2036999881 121.512911548
31.2040749881 121.511222546
31.204421988 121.509666545
31.204909988 121.508027543
31.2055479879 121.506364542
31.2061419879 121.50479954
31.2067149878 121.503279539
31.2073279878 121.501624537
31.2079219877 121.499959536
31.2085069877 121.498324534
31.2090519877 121.496822533
31.2094969876 121.496204532
31.2100779876 121.496024532
31.2106479876 121.496212532
31.2111219877 121.496857533
31.2111619877 121.497582534
31.2108429877 121.498242534
31.2103149877 121.498592535
31.2097469877 121.498561535
31.2092919877 121.498114534
31.2091769877 121.497416534
31.2094349877 121.496774533
31.2099649876 121.496429533
31.2102029876 121.496412533
31.2106919876 121.496464533
31.2108179876 121.496462533
31.2109549876 121.496472533
31.2110969876 121.496469533
31.2120249876 121.496551533
31.2128479876 121.496304533
31.2133799876 121.495602532
31.2137299876 121.49390453
31.2142099875 121.49318153
31.2144369875 121.49302453
31.2151429875 121.492032529
31.2150829875 121.491404528
31.2149969875 121.491079528
31.2149029875 121.490259527
31.2147729874 121.489214526
31.2147649874 121.488966526
31.2148769874 121.488804526
31.2155299874 121.488562525
31.2165499874 121.488276525
31.2176129874 121.488027525
31.2186429874 121.487769525
31.2198249874 121.487397524
31.2205099874 121.487157524
31.2213479874 121.486762524
31.2223799873 121.486212523
31.2234279873 121.485692523
31.2240099873 121.485357523
31.2249649873 121.484829522
31.2254999873 121.484782522
31.2257499873 121.485414523
31.2260629873 121.486262523
#
31.2489549874 121.488059526
31.2498099874 121.488876526
31.2505199875 121.489952527
31.2511499875 121.490881528
31.2513049875 121.491087528
31.2516669875 121.491874529
31.2520849876 121.49294953
31.2524369876 121.494362532
31.2528969876 121.495689533
31.2534449877 121.497082534
31.2538449877 121.497966535
31.2542579877 121.498967536
31.2546469878 121.499987537
31.2550429878 121.500942538
31.2554449878 121.502016539
31.2559179879 121.50339654
31.2564549879 121.504629541
31.2567699879 121.505216542
31.2571129879 121.505591542
31.2574529879 121.505952542
31.257929988 121.506426543
31.258381988 121.506944543
31.258789988 121.507351544
31.259176988 121.507717544
31.259494988 121.508146544
31.259542988 121.508207545
31.260062988 121.508919545
31.260677988 121.509511546
31.2611469881 121.509916546
31.2614399881 121.510204546
31.2614749881 121.510214546
31.2618099881 121.510694547
31.2622019881 121.511109547
31.2622479881 121.511122547
31.2623529881 121.511242547
31.2623969881 121.511257547
31.2625269881 121.511451548
31.2626429881 121.511574548
31.2628499881 121.511826548
31.2632319881 121.512521549
31.2636619882 121.513234549
31.2638349882 121.513549549
31.2641069882 121.51398955
31.2643949882 121.51437255
31.2644099882 121.51442255
31.2647049882 121.514879551
31.2647729882 121.515014551
31.2647569882 121.515624551
31.2644769882 121.516037552
31.2643279882 121.516271552
31.2643599882 121.516314552
31.2639299883 121.516974553
31.2637979883 121.517051553
31.2637499883 121.517151553
31.2636069883 121.517294553
31.2632319883 121.517586553
31.2628579883 121.517767553
31.2623499883 121.518177554
31.2619269883 121.518542554
31.2614179883 121.518826554
31.2610229883 121.518987554
31.2608019883 121.519121554
31.2602719883 121.519309555
31.2596299883 121.519471555
31.2592519883 121.519717555
31.2592569883 121.519797555
31.2594029883 121.519971555
31.2598319884 121.520487556
31.2599879884 121.520962556
31.2593969884 121.521252556
31.2588449884 121.521477557
31.2585619884 121.521991557
31.2591379884 121.522526557
31.2595199884 121.522861558
#
31.277669985 121.412409451
31.277579985 121.413047452
31.277522985 121.413611453
31.277471985 121.414324453
31.2773079851 121.415016454
31.2772529851 121.415481455
31.2771779851 121.415827455
31.2769419851 121.416479456
31.2767179851 121.417031456
31.2766929852 121.417691457
31.2766349852 121.418196457
31.2764499852 121.418274457
31.2760369852 121.418381458
31.2759849852 121.418382458
31.2751829852 121.418427458
31.2743169852 121.418462458
31.2733599852 121.419026458
31.2726729852 121.419529459
31.2724599852 121.419667459
31.2721629852 121.419882459
31.2720719852 121.420152459
31.2720619852 121.420279459
31.2721629853 121.42047246
31.2728529853 121.42117246
31.2731079853 121.421419461
31.2731929853 121.421564461
31.2731329853 121.421686461
31.2726949853 121.422187461
31.2722099853 121.422804462
31.2717949854 121.423501463
31.2715669854 121.424417464
31.2714149854 121.425146464
31.2713199854 121.425604465
31.2712119854 121.425954465
31.2711279854 121.425989465
31.2704049854 121.425882465
31.2693519854 121.425634465
31.2687519854 121.425504465
31.2686499854 121.425459465
31.2685369854 121.425474465
31.2682579854 121.425579465
31.2681479854 121.425624465
31.2680499854 121.425639465
31.2677899854 121.425691465
31.2675719854 121.425811465
31.2675369854 121.425956465
31.2675849854 121.426327465
31.2676649855 121.426666466
31.2678179855 121.427069466
31.2679049855 121.427444467
31.2679619855 121.427597467
31.2680619855 121.427966467
31.2680799855 121.428269467
31.2679649855 121.428364468
31.2673879855 121.428572468
31.2664079855 121.428934468
31.2659369855 121.429066468
31.2651899855 121.429304468
31.2641129856 121.429616469
31.2630279856 121.429949469
31.2625179856 121.430137469
31.2623079856 121.430204469
31.2619569856 121.430349469
31.2611569856 121.43071147
31.2610979856 121.43079947
31.2604199856 121.43132647
31.2602219856 121.431624471
31.2602519856 121.431756471
31.2607479856 121.432312471
31.2613929857 121.433202472
31.2619049857 121.434302473
31.2620299857 121.434937474
31.2619679857 121.435061474
31.2612849858 121.435602475
31.2607449858 121.435854475
31.2604779858 121.436102475
31.2605379858 121.436279475
31.2608119858 121.436799476
31.2610469858 121.437254476
31.2613029858 121.437831477
31.2616019858 121.438446478
31.2618679859 121.439001478
31.2620199859 121.439109478
31.2621369859 121.439559479
31.2621579859 121.439619479
31.2624479859 121.440296479
31.2627399859 121.44097448
31.2629899859 121.441522481
31.263044986 121.441761481
31.263077986 121.441931481
31.263219986 121.442319482
#
31.1872319861 121.446524484
31.1877319861 121.448011486
31.1882129862 121.449942487
31.1886449862 121.451491489
31.1889449863 121.45253449
31.1894819863 121.453736491
31.1901249863 121.454789492
31.1907319864 121.455771493
31.1913519864 121.456782494
31.1920579864 121.457934495
31.1928349865 121.459057497
31.1936369865 121.460032498
31.1944379866 121.461324499
31.1952869866 121.4629015
31.1960419867 121.464266502
31.1966819867 121.465526503
31.1971749867 121.466826504
31.1975649868 121.468002505
31.1980349868 121.469569507
31.1985819869 121.471302509
31.1986529869 121.472126509
31.1985669869 121.47293651
31.1988519869 121.47319451
31.2004769869 121.47259751
31.2020819869 121.471874509
31.2037699869 121.471172509
31.2056349868 121.470487508
31.2073279868 121.469864507
31.2090669868 121.469257507
31.2110149868 121.468477506
31.2129099868 121.467396505
31.2161029867 121.465986504
31.2179269867 121.466374504
31.2196419867 121.466831505
31.2212319868 121.467246505
31.2220919868 121.467327505
31.2237119867 121.466946505
31.2250099867 121.466017504
31.2262169867 121.464731503
31.2290579866 121.462772501
31.2301479866 121.462636501
31.2313269866 121.462557501
31.2322019866 121.462497501
31.2330379866 121.462401501
31.2340819866 121.462216501
31.2352499866 121.4620065
31.2356929866 121.4619125
31.2369349866 121.4615475
31.2374979866 121.4612575
31.2380279866 121.460941499
31.2386479866 121.460556499
31.2392629865 121.460202499
31.2398929865 121.459879498
31.2405279865 121.459599498
31.2409919865 121.459406498
31.2415049865 121.459187498
31.2418899865 121.459029498
31.2423499865 121.458832497
31.2428369865 121.458629497
31.2435499865 121.458332497
31.2442619865 121.458044497
31.2445299865 121.457952497
31.2449719865 121.457829496
31.2454049865 121.457759496
31.2457769865 121.457742496
31.2465579865 121.457816496
31.2471049865 121.457927497
31.2475929865 121.458031497
31.2484129865 121.458211497
31.2491119865 121.458352497
31.2501379865 121.458586497
31.2514379865 121.458897498
31.2527519865 121.459144498
31.2538579865 121.459249498
31.2548649865 121.459294498
31.2553229865 121.459287498
31.2567199865 121.459226498
31.2575749865 121.459209498
31.2579749865 121.459212498
31.2582469865 121.459212498
31.2583769865 121.459209498
31.2597569865 121.459017498
31.2612619865 121.458426497
31.2618999865 121.458361497
31.2629949865 121.458784498
31.2637849865 121.459936499
31.2642849866 121.4611795
31.2648949866 121.462541501
31.2656779867 121.464127503
31.2666269867 121.465452504
31.2676969868 121.466599505
31.2690569868 121.467837507
31.2700879868 121.469242508
31.2712149869 121.470564509
31.2725399869 121.47166251
31.2738899869 121.472594511
31.275349987 121.473182512
31.276789987 121.473679512
#
31.2386849861 121.445567484
31.2386119861 121.445579484
31.2390099861 121.445316484
31.239931986 121.444506483
31.240837986 121.443739482
31.242689986 121.441982481
31.2434829859 121.44121948
31.2442199859 121.440469479
31.2446199859 121.440012479
31.2446219859 121.440006479
31.2446619859 121.439871479
31.2446879859 121.439872479
31.2447599859 121.439882479
31.2447899859 121.439891479
31.2447749859 121.439796479
31.2445649859 121.439336478
31.2442479859 121.438769478
31.2439719858 121.438121477
31.2439529858 121.438001477
31.2438579858 121.437947477
31.2437369858 121.437892477
31.2436969858 121.437874477
31.2436349858 121.437871477
31.2435649858 121.437742477
31.2432169858 121.437171476
31.2428919858 121.436666475
31.2429679858 121.436452475
31.2435929858 121.435827475
31.2439179857 121.435099474
31.2438819857 121.434929474
31.2436469857 121.434627473
31.2427829857 121.433652472
31.2422799857 121.432867472
31.2416699856 121.432202471
31.2408699856 121.43154747
31.2401079856 121.430732469
31.2398969856 121.430454469
31.2397919856 121.430446469
31.2396979856 121.430201469
31.2394929855 121.428721467
31.2390079855 121.427552466
31.2380829854 121.426589465
31.2378499854 121.426539465
31.2373169854 121.426377465
31.2364019854 121.425936464
31.2358119854 121.425517464
31.2357899854 121.425514464
31.2356279854 121.425456464
31.2356179854 121.425306464
31.2349319854 121.424701463
31.2346279854 121.424349463
31.2337649853 121.423681462
31.2328019853 121.423052461
31.2316329853 121.422812461
31.2306519853 121.422762461
31.2311149853 121.42146646
31.2306369852 121.420001458
31.2302519852 121.419361457
31.2303519852 121.419161457
31.2301579852 121.419147457
31.2298599852 121.419432458
31.2290049852 121.420022458
31.2282519852 121.420371458
31.2280149852 121.419982458
31.2278829852 121.420177458
31.2278299852 121.420154458
31.2276949852 121.420182458
31.2275449852 121.420029458
31.2268019852 121.419407457
31.2262079852 121.418922457
31.2261799852 121.418819457
31.2259579852 121.418829457
31.2259119852 121.418804457
31.2253829852 121.418427456
31.2249329852 121.418034456
31.2248829852 121.417987456
31.2246999852 121.418069456
31.2240119852 121.418821457
31.2233929852 121.419524458
#
31.2074669867 121.464839503
31.2076149867 121.465786503
31.2079779867 121.466636504
31.2090699867 121.467062505
31.2100179868 121.467569505
31.2101599868 121.467791505
31.2103999868 121.468441506
31.2107149868 121.468676506
31.2108369868 121.468679506
31.2113199868 121.468524506
31.2117999868 121.468281506
31.2120049868 121.468166506
31.2121869868 121.468054506
31.2124529868 121.467892506
31.2127229868 121.467707505
31.2128179868 121.467636505
31.2128849868 121.467591505
31.2130969868 121.467446505
31.2133199868 121.467294505
31.2135129867 121.467164505
31.2137099867 121.467034505
31.2139269867 121.466887505
31.2140599867 121.466801505
31.2141869867 121.466716504
31.2142719867 121.466661504
31.2143779867 121.466592504
31.2145619867 121.466474504
31.2146479867 121.466411504
31.2147149867 121.466367504
31.2147699867 121.466334504
31.2148769867 121.466272504
31.2150129867 121.466204504
31.2151269867 121.466166504
31.2153299867 121.466111504
31.2155019867 121.466077504
31.2157799867 121.466042504
31.2160729867 121.466039504
31.2164079867 121.466066504
31.2165669867 121.466089504
31.2168319867 121.466149504
31.2168529867 121.466154504
31.2169369867 121.466181504
31.2171249867 121.466227504
31.2173549867 121.466292504
31.2176669867 121.466381504
31.2221519868 121.467382505
31.2223369868 121.467371505
31.2226179868 121.467337505
31.2229449868 121.467267505
31.2231119868 121.467227505
31.2231919868 121.467206505
31.2234569868 121.467131505
31.2237379867 121.467027505
31.2240019867 121.466919505
31.2242769867 121.466807505
31.2246349867 121.466556505
31.2252619867 121.466006504
31.2260129867 121.465564504
31.2261199867 121.465577504
31.2265019867 121.465844504
31.2270479868 121.467071505
31.2275669868 121.468319506
31.2301899869 121.473386511
31.230504987 121.473799512
31.230709987 121.473792512
31.2315919869 121.473201511
31.2325019869 121.472586511
31.2331199869 121.47220151
31.2334469869 121.47193251
31.2337329869 121.47168651
31.2345279869 121.471157509
31.2350429869 121.470917509
#
31.1933769859 121.44217948
31.193602986 121.44274948
31.194062986 121.443576481
31.194731986 121.444732482
31.1953019861 121.445706483
31.1957019861 121.446367484
31.1961049861 121.447166485
31.1963799861 121.447744485
31.1964949861 121.447799486
31.1965979861 121.447792486
31.1975249861 121.447194485
31.1988679861 121.446321484
31.2003049861 121.445896484
31.2004449861 121.445894484
31.2006549861 121.445892484
31.2007179861 121.445891484
31.2012319861 121.445831484
31.2014979861 121.445627483
31.2014819861 121.445411483
31.201181986 121.444402482
31.200879986 121.443344481
31.200727986 121.44240648
31.2005349859 121.44206448
31.2002849859 121.441672479
31.2003249859 121.441437479
31.2007869859 121.441191479
31.2013369859 121.440886479
31.2013729859 121.440864479
31.2018799859 121.440676479
31.2022479859 121.440556478
31.2023719859 121.440624478
31.2026699859 121.441321479
31.2028869859 121.44168748
31.2029799859 121.44181448
31.203209986 121.442634481
31.203416986 121.443656482
31.203451986 121.443789482
31.203466986 121.443817482
31.203849986 121.444552482
31.204032986 121.444827483
31.2044869861 121.445559483
31.2049849861 121.446641485
31.2052119861 121.447684486
31.2053879861 121.448394486
31.2055399862 121.448734487
31.2057229862 121.449354487
31.2059549862 121.450142488
31.2060699862 121.450542488
31.2062349862 121.450941489
31.2064569863 121.45168649
31.2066969863 121.45242649
31.2068699863 121.452997491
31.2070279863 121.453516491
31.2071619863 121.453917492
31.2072599863 121.454261492
31.2073479863 121.454591492
31.2074099864 121.454846493
31.2074769864 121.455022493
31.2076219864 121.455402493
31.2079399864 121.455967494
31.2082029864 121.456609494
31.2083619864 121.456952495
#
31.2677469859 121.440057479
31.2673949859 121.439662479
31.2672599859 121.439651479
31.2665169859 121.44023248
31.2654979859 121.44102448
31.264752986 121.441617481
31.263982986 121.442216481
31.263187986 121.442666482
31.262352986 121.443339483
31.261681986 121.443911483
31.261314986 121.444156483
31.261196986 121.444201483
31.261124986 121.444367484
31.260726986 121.444649484
31.2602869861 121.444954484
31.2596949861 121.445316484
31.2589769861 121.445789485
31.2581879861 121.446371485
31.2576419861 121.446964486
31.2572769861 121.447304486
31.2563719861 121.447222486
31.2551929861 121.447029486
31.2538729861 121.446821486
31.2524529861 121.446642486
31.2511549861 121.446899486
31.2502429861 121.447402486
31.2501199861 121.447541486
31.2496849861 121.447766487
31.2495049862 121.447951487
31.2496479862 121.448099487
31.2497279862 121.448067487
31.2501669861 121.447622487
31.2506749861 121.447312486
31.2507679861 121.447342486
31.2508969861 121.447132486
31.2507769861 121.446817486
31.2507069861 121.446801486
31.2505249861 121.446944486
31.2498899861 121.447536486
31.2494829861 121.447747487
31.2494419861 121.447744487
31.2492749861 121.447539486
31.2484249861 121.447167486
31.2476569861 121.447027486
31.2474919861 121.446954486
31.2474429861 121.446634485
31.2474379861 121.446181485
31.2473929861 121.445516484
31.2474049861 121.445339484
31.2473649861 121.445109484
31.247261986 121.444482483
31.247092986 121.443576482
31.246879986 121.442496481
31.2466969859 121.441661481
31.2466179859 121.44145448
31.2466119859 121.44138948
31.2465549859 121.44112248
31.2465349859 121.44090448
31.2465179859 121.44083948
31.2463729859 121.440457479
31.2462629859 121.440274479
31.2462349859 121.440382479
31.2461529859 121.44102148
31.2460699859 121.44138148
31.245256986 121.442037481
31.244379986 121.442559481
31.244172986 121.442537481
31.243782986 121.442107481
31.2437269859 121.44169948
31.2435999859 121.44153948
31.2434019859 121.44140748
31.2433279859 121.44147248
31.242971986 121.441939481
31.242714986 121.442301481
31.242502986 121.442551481
31.241926986 121.443182482
31.240974986 121.443859483
31.240014986 121.444517483
31.2394279861 121.444986484
31.2391629861 121.445187484
31.2387919861 121.445564484
31.2380729861 121.446202485
31.2377979861 121.446557485
31.2378499861 121.446647485
31.2377869861 121.446734485
31.2372449861 121.447037486
31.2367299861 121.447899486
31.2358229862 121.448446487
31.2348669862 121.449087488
#
31.2874599871 121.479157518
31.2875949871 121.479154518
31.2876119871 121.479086518
31.2875769871 121.478961518
31.2873919871 121.478844518
31.2864169871 121.478482517
31.2852429871 121.478257517
31.2840549871 121.478226517
31.2827999871 121.478216517
31.2814669871 121.477919517
31.2803919871 121.476822516
31.279531987 121.475159514
31.278199987 121.473967513
31.276516987 121.473372512
31.2750569869 121.472886512
31.2741419869 121.472504511
31.2737769869 121.472296511
31.2735149869 121.472121511
31.2733269869 121.471992511
31.2731819869 121.471891511
31.2730179869 121.471779511
31.2727529869 121.47161151
31.2726049869 121.47152751
31.2723519869 121.47137251
31.2718419869 121.47098651
31.2711819869 121.470379509
31.2705119868 121.469612508
31.2697279868 121.468554507
31.2687679868 121.467396506
31.2676399867 121.466442505
31.2666349867 121.465337504
31.2656799867 121.463986503
31.2649529866 121.462497501
31.2643469866 121.4609745
31.2637369865 121.459431498
31.2630899865 121.457829497
31.2624729864 121.456039495
31.2619949864 121.454412493
31.2616229863 121.452722492
31.2612599863 121.45093749
31.2608949862 121.449096488
31.2605169861 121.447287486
31.2601299861 121.445444485
31.259741986 121.443564483
31.259369986 121.441776481
31.2590029859 121.440107479
31.2583679858 121.438437478
31.2577269858 121.436771476
31.2571429857 121.435252474
31.2565119857 121.433599473
31.2557849856 121.431962471
31.2546049856 121.43068447
31.2531829855 121.429487468
31.2519549855 121.428044467
31.2507219855 121.426581465
31.2493779854 121.425379464
31.2482429854 121.423881463
31.2474579853 121.422051461
31.2466799852 121.420281459
31.2408519849 121.410912449
31.2396649849 121.409947448
31.2382969848 121.408927447
31.2371929848 121.408077446
31.2361029848 121.407246445
31.2348219848 121.406447444
31.2338999847 121.406054444
31.2334779847 121.405906444
#
31.2087949868 121.469086507
31.2090579868 121.469112507
31.2094249868 121.468902506
31.2097929868 121.468924507
31.2098299868 121.468932507
31.2101449868 121.468959507
31.2103929868 121.468932507
31.2107219868 121.468806506
31.2108429868 121.468776506
31.2109379868 121.468747506
31.2114849868 121.468462506
31.2117549868 121.468321506
31.2119529868 121.468231506
31.2122219868 121.468069506
31.2124029868 121.467931506
31.2126049868 121.467819506
31.2128129868 121.467649505
31.2130379868 121.467494505
31.2131249868 121.467437505
31.2132499868 121.467369505
31.2132949868 121.467342505
31.2135999867 121.467144505
31.2138319867 121.466986505
31.2139329867 121.466916505
31.2141049867 121.466801505
31.2142419867 121.466722504
31.2144269867 121.466599504
31.2146149867 121.466481504
31.2147669867 121.466362504
31.2150879867 121.466241504
31.2153499867 121.466144504
31.2153919867 121.466122504
31.2157599867 121.466064504
31.2158829867 121.466076504
31.2159499867 121.466074504
31.2161319867 121.466077504
31.2167499867 121.466156504
31.2174119867 121.466322504
31.2186719867 121.466627504
31.2202069867 121.467049505
31.2219249868 121.467389505
31.2220969868 121.467386505
31.2237099867 121.467001505
31.2249769867 121.466112504
31.2262269867 121.464781503
31.2275719866 121.463482502
31.2292329866 121.462732501
31.2307149866 121.462687501
31.2323569866 121.462597501
31.2338449866 121.462466501
31.2354579866 121.462192501
31.2362219866 121.4620545
31.2364679866 121.462159501
31.2376769866 121.4613365
31.2384849866 121.460791499
31.2392969865 121.460221499
31.2399929865 121.459999498
31.2402469865 121.459906498
31.2401999865 121.459261498
31.2399119865 121.458419497
31.2396529865 121.457884496
31.2394419865 121.457491496
31.2389149864 121.456694495
31.2384219864 121.456127495
31.2377469864 121.455534494
31.2371429864 121.455461494
31.2367599864 121.455061494
31.2359619863 121.453629492
31.2356469863 121.452969491
31.2357149863 121.452857491
31.2362649863 121.452636491
31.2369599863 121.452482491
31.2370579863 121.452186491
31.2372329863 121.452242491
31.2374429863 121.452191491
31.2375019863 121.452162491
31.2374749863 121.452162491
31.2370479862 121.450802489
31.2369849862 121.450759489
31.2368999862 121.450476489
31.2367369862 121.449882488
31.2366429862 121.449641488
31.2364619862 121.449392488
31.2364319862 121.449357488
31.2364679862 121.448699487
#
