31.2674249859 121.439744479
31.2671879859 121.439642479
31.2670019859 121.439732479
31.2661469859 121.44039448
31.2652949859 121.44105748
31.264656986 121.441551481
31.263996986 121.442092481
31.263216986 121.442672482
31.262312986 121.443344483
31.261364986 121.444046483
31.2605399861 121.444666484
31.2601999861 121.444851484
31.2601519861 121.444819484
31.2600819861 121.444667484
31.259841986 121.443524483
31.259529986 121.442026481
31.2587369859 121.439147478
31.2581069858 121.437527477
31.2574679858 121.435844475
31.2568579857 121.434266473
31.2562129857 121.432632472
31.2554519856 121.43127747
31.2542919856 121.430222469
31.2532419855 121.429409468
31.2526029855 121.428654468
31.2520379855 121.427887467
31.2514169855 121.427071466
31.2511219855 121.426729466
31.2509969855 121.426619465
31.2508649854 121.426449465
31.2507069854 121.426436465
31.2507049854 121.426209465
31.2503319854 121.426052465
31.2498799854 121.426072465
31.2496549854 121.426269465
31.2487319855 121.427004466
31.2477769855 121.427577466
31.2471479855 121.427842467
31.2470749855 121.427869467
31.2470249855 121.427887467
31.2466119855 121.428014467
31.2457279855 121.428237467
31.2451669855 121.428489467
31.2444919855 121.428946468
31.2440879855 121.429486468
31.2437879856 121.430082469
31.2435129856 121.430582469
31.2433249856 121.43098947
31.2430969856 121.43145147
31.2429019856 121.431887471
31.2427769856 121.432144471
31.2426649856 121.432364471
31.2423199857 121.432872472
31.2417729857 121.433582472
31.2413129857 121.434109473
31.2408629857 121.434512473
31.2404119857 121.434867474
31.2402849857 121.434971474
31.2398349857 121.435312474
31.2391119858 121.435821474
31.2386529858 121.436094475
31.2383129858 121.436277475
31.2375819858 121.436662475
31.2370329858 121.436931476
31.2362619858 121.437264476
31.2361279858 121.437119476
31.2357969858 121.436297475
31.2354479857 121.435336474
31.2350929857 121.434242473
31.2348319857 121.433599472
31.2347329857 121.433542472
31.2346529857 121.433571472
31.2339969857 121.434031473
31.2337469857 121.434194473
31.2331019857 121.434656473
31.2326099857 121.435012474
31.2325769857 121.435176474
31.2326349857 121.435567474
#
31.2295849866 121.463332502
31.2295279866 121.463134501
31.2294629866 121.463112501
31.2294399866 121.463031501
31.2294579866 121.462992501
31.2293879866 121.462946501
31.2293829866 121.462889501
31.2293149866 121.462851501
31.2282219866 121.462976501
31.2279999866 121.463039501
31.2279729866 121.462897501
31.2279219866 121.462976501
31.2277379866 121.463106501
31.2276719866 121.463174501
31.2262679867 121.464616503
31.2255429867 121.465302503
31.2254049867 121.465314503
31.2249429867 121.465727504
31.2246969867 121.465642504
31.2244399867 121.465506504
31.2244099867 121.465537504
31.2244049867 121.465574504
31.2244349867 121.465612504
31.2250879867 121.466132504
31.2255049867 121.467047505
31.2257679868 121.468209506
31.2261169868 121.469127507
31.2264879869 121.470586508
31.2270429869 121.47180651
31.2275849869 121.472691511
31.2275279869 121.472837511
31.2276199869 121.473051511
31.2276219869 121.473119511
31.228029987 121.473666511
31.228011987 121.473709512
31.228024987 121.473734512
31.228192987 121.474312512
31.228331987 121.474659512
31.228336987 121.474657512
31.228399987 121.474741513
31.228599987 121.475316513
31.228626987 121.475399513
31.228837987 121.475569513
31.229092987 121.475892514
31.229151987 121.475912514
31.229189987 121.476486514
31.229227987 121.476531514
31.229306987 121.476541514
31.2296699871 121.477391515
31.2299319871 121.477834516
31.2301169871 121.477974516
31.2301669871 121.478132516
31.2301949871 121.478491516
31.2306369871 121.479292517
31.2309369872 121.479936518
31.2310349872 121.479959518
31.2315799871 121.479566517
31.2316499871 121.479546517
31.2316829871 121.479482517
31.2318749871 121.479347517
31.2325319871 121.478874517
#
31.2440299851 121.414994453
31.243736985 121.414731453
31.243424985 121.414222452
31.242822985 121.413226451
31.241996985 121.41198645
31.2414819849 121.41140145
31.2411919849 121.411149449
31.2408199849 121.410809449
31.2401419849 121.410264448
31.2394369849 121.409757448
31.2387319849 121.409226447
31.2378099848 121.408579446
31.2366069848 121.407699446
31.2352149848 121.406762445
31.2336679847 121.406036444
31.2321079847 121.405611443
31.2305849847 121.405457443
31.2289729847 121.405844443
31.2273619848 121.406327444
31.2258319848 121.406261444
31.2243319847 121.406091444
31.2226969847 121.405961443
31.2210529847 121.405916443
31.2193469847 121.406102443
31.2177219848 121.406399444
31.2162279848 121.406941444
31.2149169848 121.407641445
31.2144319848 121.407707445
31.2143999848 121.407597445
31.2143999848 121.406564444
31.2144769847 121.405236442
31.2147349847 121.403792441
31.2147729846 121.403427441
31.2145429847 121.403457441
31.2137069846 121.40330444
31.2135179846 121.40328744
31.2134429846 121.40336444
31.2125869846 121.40302744
31.2125629846 121.40282244
31.2127469846 121.401626439
31.2129399845 121.400371437
31.2130819845 121.399234436
31.2132429845 121.398099435
31.2133969844 121.396827434
31.2135199844 121.396157433
31.2135629844 121.395887433
31.2135269844 121.395776432
31.2134079844 121.395702432
31.2131979844 121.395727432
31.2123779844 121.395941433
31.2114179844 121.395967433
31.2105919844 121.395932433
31.2103569844 121.395927433
31.2099929844 121.395856432
31.2092869844 121.395761432
31.2086519844 121.395601432
31.2085419844 121.395622432
31.2082599844 121.395592432
31.2077029844 121.395411432
31.2075799844 121.395361432
31.2072079844 121.395306432
31.2068249844 121.395284432
31.2066799844 121.395369432
31.2059769844 121.395176432
31.2054199844 121.395042431
#
31.2145719874 121.488531525
31.2146249874 121.489721526
31.2147619875 121.490681527
31.2148549875 121.491011528
31.2150399875 121.492129529
31.2148749875 121.492599529
31.2140369875 121.49327153
31.2134769876 121.49397253
31.2133149876 121.495491532
31.2128929876 121.496174532
31.2121329876 121.496482533
31.2108569876 121.496401533
31.2097029876 121.496459533
31.2092669877 121.496892533
31.2091019877 121.497494534
31.2092599877 121.498147534
31.2097279877 121.498602535
31.2101179877 121.498652535
31.2107319877 121.498411535
31.2111679877 121.497696534
31.2111719877 121.497032533
31.2108069876 121.496314533
31.2101769876 121.495957532
31.2094999876 121.496076532
31.2090169876 121.496601533
31.2084849877 121.498104534
31.2078319877 121.499914536
31.2071629878 121.501771538
31.2064599879 121.503727539
31.2057979879 121.505551541
31.205129988 121.507352543
31.204486988 121.509259544
31.2040399881 121.511152546
31.2036249881 121.512989548
31.2031829882 121.51491755
31.2027219882 121.517002551
31.2022099883 121.519204553
31.2017229884 121.521381555
31.2012179884 121.523471557
31.2007679885 121.525456559
31.2002979885 121.527514561
31.1998329886 121.529644563
31.1994579887 121.531711565
31.1993399887 121.533806566
31.1994669888 121.535711568
31.1997529888 121.53747957
31.2000879889 121.538932571
31.2003779889 121.540119572
31.2009219889 121.541506573
31.201334989 121.542366574
31.201504989 121.542791574
31.201472989 121.542899575
31.200497989 121.543397575
31.199304989 121.543956575
31.198479989 121.544351576
31.197346989 121.544861576
31.196317989 121.545319577
31.195406989 121.545732577
31.1945599891 121.546076577
31.1935869891 121.546574578
31.1927969891 121.546967578
31.1920049891 121.547477578
31.1914919891 121.547826579
#
31.2115799852 121.418889457
31.2109979852 121.419029457
31.2107619852 121.419094457
31.2106779852 121.419066457
31.2100079852 121.419264457
31.2091179852 121.419339457
31.2090369852 121.419327457
31.2090379852 121.419277457
31.2083679852 121.419201457
31.2081479852 121.419152457
31.2081269852 121.419062457
31.2068999852 121.418782456
31.2062219852 121.418652456
31.2062049852 121.418667456
31.2060499852 121.418776456
31.2057599852 121.419749457
31.2057079852 121.419946458
31.2056869852 121.420089458
31.2052719853 121.421196459
31.2048219853 121.42238646
31.2044099853 121.423594461
31.2041529854 121.424584462
31.2039279854 121.425122463
31.2038579854 121.425307463
31.2039319854 121.425422463
31.2043849854 121.425539463
31.2044569854 121.425666463
31.2044849854 121.425686463
31.2045199854 121.425676463
31.2045699854 121.425671463
31.2048779854 121.425669463
31.2049619854 121.425642463
31.2051599854 121.425651463
31.2052169854 121.425651463
31.2052719854 121.425667463
31.2055299854 121.425662463
31.2055929854 121.425699463
31.2057519854 121.425637463
31.2068179854 121.424714462
31.2072069854 121.424607462
31.2073299854 121.424656462
31.2075719854 121.424576462
31.2076629854 121.424602462
31.2077299854 121.424596462
31.2078969854 121.424656462
31.2080069854 121.424656462
31.2081769854 121.424652462
31.2082099854 121.424659462
31.2088119854 121.424766463
31.2092699854 121.424811463
31.2094619854 121.424814463
31.2095029854 121.424812463
31.2095429854 121.424816463
31.2095879854 121.424821463
31.2096179854 121.424786463
31.2096819854 121.424796463
31.2100269854 121.424809463
31.2102129854 121.424819463
31.2102729854 121.424816463
31.2103879854 121.424816463
31.2105119854 121.424804463
31.2105819854 121.424801463
31.2108869854 121.424774463
31.2109579854 121.424801463
31.2110449854 121.424794463
31.2112619854 121.424829463
31.2112879854 121.424882463
31.2112529854 121.424922463
31.2112829854 121.424944463
31.2114379854 121.424891463
31.2116319854 121.424594462
31.2116779854 121.424571462
31.2117199854 121.424552462
31.2117429854 121.424517462
31.2118829854 121.424492462
31.2121369854 121.424574462
31.2125269854 121.424594462
31.2126919854 121.424741463
31.2126599854 121.425116463
31.2132069854 121.425616464
31.2137899854 121.426019464
31.2139579854 121.426236464
31.2149099855 121.427036465
31.2155599855 121.427897466
31.2158599855 121.428582467
31.2158799855 121.428651467
31.2162679855 121.429302467
31.2170929856 121.430521469
31.2178119856 121.431341469
31.2185749856 121.43222247
31.2186829856 121.432666471
31.2190499856 121.432889471
31.2195779857 121.433961472
31.2198969857 121.434616473
31.2199019857 121.434657473
31.2199629857 121.434681473
31.2202149857 121.434956473
31.2206549857 121.435407474
31.2206979857 121.435457474
31.2214399858 121.435986474
31.2216869858 121.436254475
31.2217649858 121.436356475
31.2218119858 121.436366475
31.2223129858 121.436862475
31.2228969858 121.437609476
31.2237779859 121.439221478
31.2242549859 121.440064478
31.2242449859 121.440361479
31.2242419859 121.440589479
31.2246899859 121.441107479
31.2250419859 121.44168948
31.2250699859 121.44175748
31.2251049859 121.44180448
31.225327986 121.442222481
31.225469986 121.442432481
31.225551986 121.442556481
31.225949986 121.443379482
31.226571986 121.444207483
31.2271149861 121.445229484
31.2275519861 121.446577485
31.2279229861 121.447354486
31.2285849862 121.448436487
31.2290849862 121.449412488
31.2291419862 121.449577488
31.2292369862 121.450069488
#
