31.2163279875 121.491089528
31.2163449875 121.491056528
31.2165229875 121.490982528
31.2167279875 121.490906528
31.2168049875 121.490937528
31.2168729875 121.490869528
31.2170919875 121.489982527
31.2172529874 121.489194526
31.2172569874 121.488837526
31.2172049874 121.488822526
31.2171319874 121.488107525
31.2170249874 121.488034525
31.2167569874 121.488127525
31.2161899874 121.488326525
31.2157249874 121.488462525
31.2156899874 121.488494525
31.2155069874 121.488556525
31.2154519874 121.488501525
31.2152129874 121.488637525
31.2150829874 121.488682525
31.2148279874 121.488786526
31.2148899874 121.488827526
31.2149579874 121.489762527
31.2150179875 121.490012527
31.2150949875 121.490104527
31.2151479875 121.490179527
31.2153979875 121.490511527
31.2153649875 121.490749527
31.2153979875 121.490929528
31.2153769875 121.491977529
31.2151579875 121.492386529
31.2142419875 121.49310253
31.2136549876 121.49376953
31.2136399876 121.494907531
31.2133549876 121.495909532
31.2125529876 121.496427533
31.2110879876 121.496394533
31.2098749876 121.496454533
31.2094029876 121.496741533
31.2091379877 121.497439534
31.2092399877 121.497986534
31.2096079877 121.498479535
31.2101279877 121.498659535
31.2107619877 121.498387534
31.2111469877 121.497814534
31.2112119877 121.497016533
31.2109419876 121.496364533
31.2102999876 121.495931532
31.2095869876 121.496034532
31.2090469876 121.496572533
31.2085329877 121.497911534
31.2079579877 121.499509535
31.2073449878 121.501197537
31.2067399878 121.502909539
31.2061869879 121.50443954
31.2056349879 121.505922541
31.205107988 121.507367543
31.204867988 121.508032543
31.204512988 121.509192544
31.2041769881 121.510604546
31.2038729881 121.511979547
31.2034999881 121.513569548
31.2031599882 121.51506255
31.2028319882 121.516349551
31.2024949883 121.517527552
31.2021949883 121.518866553
31.2018679883 121.520266554
31.2015529884 121.521536556
31.2012099884 121.522746557
31.2008999884 121.522871557
#
31.2752299872 121.482177521
31.2752829872 121.482172521
31.2753969872 121.482179521
31.2755429872 121.482216521
31.2760869872 121.48201252
31.2768799872 121.48163452
31.2768649872 121.48155452
31.2769649872 121.48149952
31.2775479872 121.48147652
31.2779929872 121.48115452
31.2780249872 121.480969519
31.2777329872 121.480279519
31.2775879872 121.479807518
31.2776069872 121.479742518
31.2776879872 121.479677518
31.2781919872 121.479577518
31.2786679872 121.479512518
31.2790479872 121.479409518
31.2794379872 121.479677518
31.2797049872 121.480114519
31.2797979872 121.480229519
31.2798379872 121.480342519
31.2798729872 121.480524519
31.2799449872 121.480639519
31.2801969872 121.480851519
31.2805419872 121.48102452
31.2807949872 121.48117952
31.2811149872 121.48138152
31.2815579872 121.48153952
31.2816799872 121.48145952
31.2819449872 121.480797519
31.2821979872 121.479836518
31.2823279871 121.478976518
31.2823369871 121.478629517
31.2823749871 121.478577517
31.2823149871 121.478182517
31.2821919871 121.478014517
31.2814869871 121.477627516
31.2810369871 121.477414516
31.2809699871 121.477387516
31.2806519871 121.477099516
31.2812529872 121.479464518
31.2805349871 121.476817516
31.2801319871 121.477031516
31.2793279871 121.476694515
31.2784699871 121.476264515
31.277554987 121.475796515
31.277074987 121.475491514
31.276051987 121.475011514
31.274732987 121.474707513
31.273767987 121.474659513
31.273597987 121.474651513
31.272144987 121.474367513
31.271814987 121.474394513
31.271747987 121.474301513
31.271781987 121.474201513
31.271819987 121.473974513
31.2724829869 121.472519511
31.2728179869 121.471847511
31.2730069869 121.47154951
31.2729549869 121.47122651
31.2732529869 121.47108251
31.2733219869 121.47099651
31.2732519869 121.47099151
31.2730619869 121.47126151
#
31.192276984 121.386596422
31.192699984 121.386316422
31.193061984 121.386071422
31.193354984 121.385864421
31.193666984 121.385649421
31.193962984 121.385471421
31.194096984 121.385386421
31.194331984 121.385234421
31.194622984 121.385047421
31.195089984 121.38474442
31.195762984 121.38432942
31.196224984 121.38407442
31.196317984 121.38414242
31.196802984 121.38488442
31.197469984 121.385989422
31.1981099841 121.387079423
31.1986519841 121.387959424
31.1989279841 121.388401424
31.1990979841 121.388672425
31.1992729841 121.388947425
31.1994769841 121.389246425
31.1997249842 121.389622426
31.1998079842 121.389749426
31.2000329842 121.390116426
31.2003779842 121.390697427
31.2006329842 121.391152427
31.2007579842 121.391384427
31.2008849842 121.391659428
31.2010949842 121.392142428
31.2013469843 121.392831429
31.2015749843 121.39358943
31.2017049843 121.39409943
31.2018129843 121.394542431
31.2019529844 121.395081431
31.2020969844 121.395642432
31.2022249844 121.396132433
31.2023599844 121.396664433
31.2025349844 121.397354434
31.2026419844 121.397784434
31.2028099845 121.398444435
31.2029679845 121.399066436
31.2031599845 121.399816436
31.2034249846 121.400739437
31.2039819846 121.401886439
31.2048449846 121.40305444
31.2055549847 121.404057441
31.2058719847 121.404492441
31.2060299847 121.404679442
31.2061799847 121.404859442
31.2064229847 121.405177442
31.2067499847 121.405621443
31.2073099847 121.406424444
31.2078119848 121.407129444
31.2081049848 121.407541445
31.2082699848 121.407772445
31.2083579848 121.407901445
31.2085049848 121.408111445
31.2086269848 121.408282445
31.2087369848 121.408436446
31.2088899848 121.408654446
31.2089699848 121.408774446
31.2091829848 121.409142446
31.2094579849 121.409746447
31.2095829849 121.410081447
31.2097069849 121.410514448
31.2098319849 121.411087448
31.2098729849 121.411307449
31.2098869849 121.411386449
31.2100149849 121.411994449
31.210177985 121.41276745
31.210309985 121.413401451
31.210341985 121.413552451
31.210399985 121.413841451
31.210439985 121.414019452
31.210461985 121.414124452
31.210501985 121.414314452
31.210529985 121.414442452
31.210569985 121.414649452
31.210631985 121.414932452
31.210667985 121.415112453
31.2107049851 121.415297453
31.2107449851 121.415496453
31.2107499851 121.415542453
31.2108069851 121.415811453
31.2108169851 121.415861453
31.2109549851 121.416467454
31.2110949851 121.417109455
31.2112429851 121.417764455
31.2113769852 121.418352456
31.2115669852 121.419147457
31.2117869852 121.420032458
31.2119879852 121.420866459
31.2120999853 121.42196446
31.2121579853 121.422776461
31.2123329853 121.423734462
31.2129219854 121.424854463
31.2132469854 121.425187463
31.2133119854 121.425326463
31.2133519854 121.425389463
31.2135679854 121.425636464
31.2141279854 121.425946464
31.2149029854 121.426407464
31.2155019855 121.427194465
31.2159479855 121.428106466
31.2163199855 121.428781467
31.2165999855 121.429237467
31.2167569855 121.429439468
31.2169319855 121.429647468
31.2172319856 121.430001468
31.2175299856 121.430347468
31.2177549856 121.430641469
31.2180069856 121.430964469
31.2182129856 121.431272469
31.2183699856 121.43151747
31.2185879856 121.43185247
31.2188019856 121.43222447
31.2189579856 121.432476471
31.2189749856 121.432521471
31.2190999856 121.432682471
31.2195529857 121.433231471
31.2199419857 121.434029472
31.2202119857 121.434391473
31.2206429857 121.434887473
31.2210799857 121.435601474
31.2212499858 121.436247475
31.2212969858 121.436704475
31.2213649858 121.437182475
31.2214869858 121.437772476
31.2217149858 121.438382477
31.2221529859 121.439111477
31.2225119859 121.439797478
31.2227079859 121.440347479
31.2228319859 121.440977479
31.2229149859 121.44152448
31.222979986 121.44205148
31.223072986 121.442637481
31.223187986 121.443157481
31.223339986 121.443746482
31.223489986 121.444232483
31.223731986 121.444922483
31.2239619861 121.445506484
31.2242919861 121.446374485
31.2246749861 121.447389486
31.2251049862 121.448529487
31.2255569862 121.449716488
31.2258199862 121.451144489
31.2258249863 121.452746491
31.2258469863 121.454379493
31.2258579864 121.455997494
31.2258769865 121.457639496
31.2258829865 121.459342498
31.2257569866 121.461197499
31.2258079866 121.462956501
31.2262679867 121.464667503
31.2269269867 121.466237504
31.2274669868 121.467514506
31.2279949868 121.468766507
31.2286069869 121.470246508
31.2294349869 121.47188451
31.2304099869 121.473426511
31.231211987 121.474946513
31.232036987 121.476524514
31.2327669871 121.478169516
31.2331549871 121.479871518
31.2330429872 121.481572519
31.2338699873 121.484836522
31.2341279873 121.485391523
31.2345399873 121.486146523
31.2349419874 121.486962524
31.2350679874 121.487162524
31.2350629874 121.487469525
31.2348749874 121.487662525
31.2343819874 121.488222525
31.2342849874 121.488331526
31.2339399874 121.488677526
31.2335479874 121.489117526
31.2325369875 121.490089527
31.2316699875 121.491027528
31.2306819875 121.492116529
31.2298249875 121.49314653
31.2287019876 121.494347531
31.2275869876 121.495351532
31.2254499877 121.497524534
31.2245649877 121.498414535
31.2238879877 121.499002535
#
