31.2699829878 121.502019539
31.2700279878 121.502002539
31.2701819878 121.502021539
31.2703269878 121.502007539
31.2705129878 121.502002539
31.2705949878 121.501984539
31.2709069878 121.502067539
31.2709569878 121.502064539
31.2711729878 121.502082539
31.2716299878 121.502014539
31.2716999878 121.502061539
31.2719129878 121.502139539
31.2724029878 121.502014539
31.2726129878 121.502189539
31.2729419878 121.50251654
31.2734669879 121.50296254
31.2743899879 121.504342541
31.2744499879 121.504371541
31.2748929879 121.505389542
31.275281988 121.506397543
31.275589988 121.507516544
31.275622988 121.507799544
31.275752988 121.508721545
31.275866988 121.509549546
31.2760179881 121.510172547
31.2762799881 121.511099547
31.2764769881 121.511932548
31.2766899881 121.512536549
31.2766999881 121.512754549
31.2767619882 121.513032549
31.2769519882 121.51383955
31.2769929882 121.51410155
31.2770069882 121.51427655
31.2770749882 121.514482551
31.2771449882 121.514799551
31.2772869882 121.515289551
31.2775099882 121.516081552
31.2777099883 121.516842553
31.2778629883 121.517441553
31.2779029883 121.517587553
31.2781269883 121.518319554
31.2783719883 121.519037555
31.2786219883 121.519697555
31.2786729883 121.519814555
31.2786179884 121.520027556
31.2779349884 121.520389556
31.2772899884 121.520711556
31.2766979884 121.521041556
31.2759519884 121.521429557
31.2757069884 121.521522557
31.2755379884 121.521212557
31.2748519883 121.519964555
31.2743719883 121.519049555
31.2741999883 121.518717554
31.2738119883 121.518004554
31.2734499883 121.517347553
31.2732649883 121.516954553
31.2731099883 121.516719553
31.2727469882 121.516009552
31.2722219882 121.515051551
31.2717249882 121.51432655
31.2710749882 121.51351955
31.2703599881 121.512832549
31.2699549881 121.512471549
31.2696379881 121.512121548
31.2694129881 121.511956548
31.2691399881 121.511987548
31.2690819881 121.512046548
31.2687069881 121.512347548
31.2681949881 121.512797549
31.2678579881 121.513097549
31.2676199882 121.513357549
31.2668769882 121.51403955
31.2666779882 121.51417455
31.2666149882 121.51415955
31.2662449882 121.513494549
31.2659169881 121.512619549
31.2658779881 121.512519549
31.2652899881 121.511464548
31.2645869881 121.510522547
31.2640899881 121.509987546
31.263489988 121.509221546
31.263019988 121.508674545
31.262999988 121.508626545
31.262537988 121.508304545
31.261914988 121.507271544
#
31.2812019862 121.447769487
31.2811029861 121.447479487
31.2809999861 121.447447487
31.2799849862 121.447544487
31.2787719862 121.447769487
31.2782829862 121.447869487
31.2781329862 121.447924487
31.2777419862 121.448101488
31.2768399862 121.448397488
31.2757749862 121.448877488
31.2745369862 121.449601489
31.2730449862 121.45056949
31.2718079863 121.451641491
31.2710819863 121.452186491
31.2701699863 121.452794492
31.2693149863 121.453286493
31.2682299864 121.453912493
31.2669429864 121.454516494
31.2655119864 121.455156494
31.2639329864 121.455806495
31.2625599864 121.456879496
31.2614179865 121.457951497
31.2601249865 121.458597498
31.2588799865 121.458947498
31.2571029865 121.459036498
31.2552599865 121.459089498
31.2534849865 121.459009498
31.2518899865 121.458806498
31.2504869865 121.458519497
31.2492419865 121.458256497
31.2477849865 121.457936497
31.2461649865 121.457617496
31.2445669865 121.457791496
31.2430479865 121.458434497
31.2414399865 121.459121498
31.2397379865 121.459851498
31.2381129866 121.460759499
31.2364979866 121.4615895
31.2347349866 121.4620025
31.2331179866 121.462309501
31.2316329866 121.462447501
31.2303479866 121.462531501
31.2289869866 121.462679501
31.2276829866 121.463241501
31.2265969867 121.464182502
31.2258199867 121.465012503
31.2249179867 121.465969504
31.2237169867 121.466822505
31.2222119868 121.467237505
31.2208999867 121.467092505
31.2197219867 121.466776505
31.2185819867 121.466466504
31.2175379867 121.466174504
31.2165399867 121.465931504
31.2153579867 121.465951504
31.2142329867 121.466399504
31.2132029867 121.466951505
31.2121779868 121.467606505
31.2111229868 121.468121506
31.2105549868 121.468257506
31.2104329868 121.468132506
31.2101069868 121.467416505
31.2095019867 121.467002505
31.2085719867 121.466692504
31.2078869867 121.466362504
31.2076569867 121.466082504
31.2075449867 121.465611503
31.2074019867 121.465101503
31.2072649867 121.465087503
31.2068079867 121.465342503
31.2059579867 121.465826503
31.2053619867 121.466324504
31.2047299867 121.466419504
31.2044299867 121.466462504
31.2038849867 121.466526504
31.2031299867 121.466617504
31.2023349867 121.466734504
31.2016399867 121.467049505
31.2008679868 121.467367505
31.2003399868 121.467616505
31.2001049868 121.467752505
31.1994729868 121.468142506
31.1989619868 121.468392506
#
31.2488829874 121.487821525
31.2497929874 121.488786526
31.2505549875 121.490089528
31.2509969875 121.491012528
31.2510129875 121.491209529
31.2508829875 121.491351529
31.2501319875 121.491852529
31.2496319875 121.492186529
31.2495879875 121.49228753
31.2496179875 121.49242953
31.2501319876 121.493576531
31.2507929876 121.494519532
31.2509149876 121.494784532
31.2509569876 121.494894532
31.2509879876 121.494977532
31.2510479876 121.495296532
31.2513179876 121.495961533
31.2515479877 121.496577534
31.2517569877 121.497104534
31.2518479877 121.497334534
31.2520019877 121.497781535
31.2523019877 121.498551535
31.2525879877 121.499387536
31.2527429878 121.499881537
31.2529979878 121.500559537
31.2533029878 121.501592538
31.2536669878 121.502696539
31.2537979879 121.50311254
31.2538529879 121.50326254
31.2538979879 121.50341254
31.2539419879 121.50357954
31.2539949879 121.50375454
31.2540519879 121.50393754
31.2541569879 121.504322541
31.2541419879 121.505199542
31.2537169879 121.506037542
31.253137988 121.506886543
31.252981988 121.507814544
31.253191988 121.509001545
31.2533819881 121.510014546
31.2535029881 121.510409546
31.2542399881 121.511474547
31.2549629881 121.512754549
31.2553969882 121.513572549
31.2559999882 121.51463755
31.2564349882 121.515482551
31.2566979882 121.516041552
31.2571749883 121.516814552
31.2573549883 121.517102553
31.2578769883 121.517801553
31.2587329883 121.519007554
31.2595279883 121.520069555
31.2602019884 121.521009556
31.2605949884 121.522014557
31.2609019884 121.522904558
31.2610519884 121.523404558
31.2612029885 121.523781559
31.2614179885 121.524431559
31.2616129885 121.52495656
31.2617729885 121.52542956
31.2618319885 121.52557656
31.2619499885 121.525821561
31.2620169885 121.525976561
31.2620969885 121.526182561
31.2621679885 121.526416561
31.2622319885 121.526722561
31.2622679885 121.526946562
31.2623679886 121.527252562
31.2626369886 121.527679562
31.2628419886 121.528111563
31.2628719886 121.528182563
31.2629749886 121.528371563
31.2632099886 121.528676563
31.2634829886 121.529172564
31.2638549886 121.529682564
31.2639879886 121.530061564
31.2641769886 121.530414565
31.2645729887 121.531071565
31.2648469887 121.531524566
31.2649419887 121.531647566
31.2651679887 121.531999566
31.2654279887 121.532437566
#
