31.2063099885 121.525834559
31.2054419885 121.525539559
31.2041149885 121.525044559
31.2028899885 121.524357558
31.2019429884 121.523311557
31.2016779884 121.522849557
31.2019319884 121.521491555
31.2023219883 121.519781554
31.2027429883 121.517889552
31.2030649882 121.516257551
31.2033369882 121.514684549
31.2036999881 121.512911548
31.2040749881 121.511222546
31.204421988 121.509666545
31.204909988 121.508027543
31.2055479879 121.506364542
31.2061419879 121.50479954
31.2067149878 121.503279539
31.2073279878 121.501624537
31.2079219877 121.499959536
31.2085069877 121.498324534
31.2090519877 121.496822533
31.2094969876 121.496204532
31.2100779876 121.496024532
31.2106479876 121.496212532
31.2111219877 121.496857533
31.2111619877 121.497582534
31.2108429877 121.498242534
31.2103149877 121.498592535
31.2097469877 121.498561535
31.2092919877 121.498114534
31.2091769877 121.497416534
31.2094349877 121.496774533
31.2099649876 121.496429533
31.2102029876 121.496412533
31.2106919876 121.496464533
31.2108179876 121.496462533
31.2109549876 121.496472533
31.2110969876 121.496469533
31.2120249876 121.496551533
31.2128479876 121.496304533
31.2133799876 121.495602532
31.2137299876 121.49390453
31.2142099875 121.49318153
31.2144369875 121.49302453
31.2151429875 121.492032529
31.2150829875 121.491404528
31.2149969875 121.491079528
31.2149029875 121.490259527
31.2147729874 121.489214526
31.2147649874 121.488966526
31.2148769874 121.488804526
31.2155299874 121.488562525
31.2165499874 121.488276525
31.2176129874 121.488027525
31.2186429874 121.487769525
31.2198249874 121.487397524
31.2205099874 121.487157524
31.2213479874 121.486762524
31.2223799873 121.486212523
31.2234279873 121.485692523
31.2240099873 121.485357523
31.2249649873 121.484829522
31.2254999873 121.484782522
31.2257499873 121.485414523
31.2260629873 121.486262523
#
31.228282988 121.509406545
31.2287619881 121.510849546
31.2280669881 121.512389548
31.2266129881 121.512906548
31.2251749881 121.513372549
31.2236769882 121.513854549
31.2223199882 121.514254549
31.2211349882 121.514446549
31.2202219882 121.51450455
31.2188819882 121.514391549
31.2173749882 121.514284549
31.2165899882 121.514186549
31.2161849882 121.514132549
31.2159599882 121.514122549
31.2150179882 121.514101549
31.2139779881 121.513719549
31.2133029881 121.513296548
31.2131699881 121.513197548
31.2127419881 121.512799548
31.2125599881 121.512767548
31.2123699881 121.512882548
31.2117619882 121.514022549
31.2111619882 121.51523455
31.2107669882 121.516442551
31.2104649883 121.517662552
31.2101099883 121.519342554
31.2100499883 121.520614555
31.2100349884 121.520986555
31.2100879884 121.521444556
31.2103999884 121.521819556
31.2107969884 121.522037556
31.2114629884 121.522381556
31.2124369884 121.522896557
31.2135349884 121.523497558
31.2147269884 121.524126558
31.2159749885 121.524674559
31.2168549885 121.524917559
31.2176279885 121.525094559
31.2180199885 121.525141559
31.2189669885 121.525204559
31.2193749885 121.525209559
31.2200519885 121.525177559
31.2209599885 121.525052559
31.2218379885 121.524854559
31.2226379885 121.524616559
31.2228379885 121.524596559
31.2229079885 121.524686559
31.2231019885 121.525247559
31.2232749885 121.52573656
31.2234319885 121.52617256
31.2234919885 121.52639256
31.2237249885 121.526999561
31.2240649886 121.527886562
31.2242119886 121.527974562
31.2243279886 121.527964562
31.2248099886 121.527734562
31.2255529885 121.527402561
31.2262229885 121.527122561
31.2263249885 121.526976561
31.2263399885 121.526687561
31.2260829885 121.52596956
31.2258019885 121.525184559
31.2255729885 121.524301558
#
31.1841199855 121.427807465
31.1845379854 121.427301465
31.1849419854 121.426834464
31.1852929854 121.426591464
31.1853379854 121.426552464
31.1858949854 121.425896463
31.1867279854 121.424846462
31.1872769854 121.424451462
31.1875269853 121.424172461
31.1876479853 121.424019461
31.1878099853 121.423787461
31.1880999853 121.423512461
31.1882869853 121.423332461
31.1883619853 121.423297461
31.1884769853 121.42315446
31.1889479853 121.42263246
31.1895229853 121.422086459
31.1902299853 121.421539459
31.1912949852 121.420792458
31.1921719852 121.420257458
31.1923349852 121.420151457
31.1924369852 121.420071457
31.1925379852 121.419884457
31.1925029852 121.419686457
31.1920869852 121.418849456
31.1916499851 121.417922455
31.1914069851 121.417411455
31.1912479851 121.416789454
31.1914849851 121.416417454
31.1926019851 121.415687453
31.193837985 121.414897452
31.195136985 121.413886451
31.196677985 121.41262645
31.1984669849 121.411236448
31.1999579849 121.410144447
31.2016479848 121.408936446
31.2037729848 121.408034445
31.2058569848 121.407646445
31.2077919848 121.407387445
31.2095449848 121.407246444
31.2115419848 121.407844445
31.2133899848 121.408289446
31.2150129848 121.407777445
31.2164149848 121.407071444
31.2180969848 121.406479444
31.2197729847 121.406112443
31.2212899847 121.406031443
31.2231429847 121.406172444
31.2248699848 121.406314444
31.2265129848 121.406446444
31.2271819848 121.406464444
31.2288019847 121.406132444
31.2302919847 121.405742443
31.2312469847 121.405674443
31.2324799847 121.405949444
31.2328849848 121.406194444
31.2328849848 121.406322444
31.2328049848 121.407452445
31.2328149848 121.407657445
31.2329149848 121.408404446
31.2331179849 121.409296447
31.2335429849 121.410362448
31.2341169849 121.41174145
31.234506985 121.412592451
31.234964985 121.413492452
31.235559985 121.414246452
31.2363449851 121.414992453
31.2369799851 121.415701454
31.2370199851 121.415829454
31.2369679851 121.415949454
31.2363969851 121.416342455
31.2361719851 121.416472455
31.2361969851 121.416594455
31.2363599851 121.417119455
31.2363619851 121.417134455
#
