31.2160219855 121.428392466
31.2160129855 121.428489467
31.2160019855 121.428766467
31.2167269856 121.429979468
31.2175269856 121.430817469
31.2184269856 121.43199947
31.2189349856 121.432729471
31.2191779857 121.433059471
31.2199049857 121.434172472
31.2204349857 121.434802473
31.2208449857 121.435439474
31.2210599858 121.435972474
31.2211479858 121.436379475
31.2212349858 121.437046475
31.2213499858 121.437677476
31.2215819858 121.438344477
31.2220819859 121.439132477
31.2225529859 121.440027478
31.2228379859 121.441066479
31.2229329859 121.44181648
31.223036986 121.442556481
31.223164986 121.443221482
31.223382986 121.444042482
31.223676986 121.444891483
31.2239219861 121.445527484
31.2242549861 121.446381485
31.2245669861 121.447191486
31.2249899862 121.448306487
31.2255069862 121.449639488
31.2257599862 121.450724489
31.2257949863 121.45200949
31.2257979863 121.453696492
31.2258179864 121.455639494
31.2258369864 121.457489496
31.2258149865 121.459344498
31.2256719866 121.4613875
31.2257369866 121.463012501
31.2259919867 121.464022502
31.2261449867 121.464472503
31.2265099867 121.465342503
31.2268919867 121.466327504
31.2272319868 121.467139505
31.2274349868 121.467646506
31.2275419868 121.468024506
31.2277799868 121.468661507
31.2282719868 121.469881508
31.2288469869 121.471219509
31.2295429869 121.47234251
31.2301729869 121.473364511
31.230574987 121.473887512
31.230814987 121.473846512
31.231406987 121.473474511
31.2320799869 121.473019511
31.2325069869 121.472882511
31.2326029869 121.472999511
31.232904987 121.473716512
31.233159987 121.474407512
31.233366987 121.474926513
31.233489987 121.475264513
31.233596987 121.475559513
31.233714987 121.475887514
31.233891987 121.476281514
31.2341069871 121.476849515
31.2343029871 121.477629515
31.2344729871 121.477891516
31.2346969871 121.477839516
31.2349469871 121.477622515
31.2353319871 121.477281515
31.2354919871 121.477144515
31.2354719871 121.476831515
31.235031987 121.475654514
31.234612987 121.474519512
31.2341669869 121.473227511
31.2337849869 121.47212251
31.2329219869 121.471257509
31.2319599868 121.469802508
31.2310729868 121.468427506
31.2305049868 121.467549506
31.2303129868 121.467104505
31.2302929867 121.466281504
31.2297479867 121.465429504
31.2296279867 121.465121503
31.2296319867 121.464847503
31.2296399866 121.463541502
31.2296399866 121.463352502
31.2296249866 121.463061501
31.2297329866 121.462929501
31.2305979866 121.462802501
31.2321099866 121.462722501
31.2332719866 121.462567501
31.2357429866 121.4621075
31.2365119866 121.4620645
31.2373129866 121.4616915
31.2380079866 121.4612525
31.2386049866 121.460887499
31.2391949866 121.460544499
31.2400299865 121.460086499
31.2405719865 121.459876498
31.2415549865 121.459471498
31.2424079865 121.459119498
31.2429649865 121.458624497
31.2428179865 121.457684496
31.2423979864 121.456726495
31.2418629864 121.456192495
31.2411549864 121.455624494
31.2404699864 121.455027494
31.2400319864 121.454334493
31.2395669863 121.453756492
31.2392129863 121.452989492
31.2390719863 121.452637491
31.2390399863 121.452559491
31.2390019863 121.452312491
31.2391019863 121.452182491
31.2393629863 121.451916491
31.2393899863 121.45168749
31.2390579862 121.45093649
31.2385169862 121.449932489
31.2381279862 121.449214488
31.2378729862 121.448594487
31.2376999862 121.448202487
31.2373999861 121.447357486
31.2373579861 121.446939486
31.2375849861 121.446667485
31.2384269861 121.445902485
31.2388279861 121.445509484
31.2389699861 121.445262484
31.2389179861 121.445046484
31.238644986 121.444286483
31.238372986 121.443582482
31.238007986 121.442571481
31.2376499859 121.44152948
31.2374829859 121.44109248
31.2372129859 121.440384479
31.2369749859 121.439687478
31.2366269858 121.438714477
31.2364229858 121.438167477
31.2362349858 121.437514476
31.2359099858 121.436491475
31.2358229858 121.436109475
31.2358669858 121.436054475
31.2366169857 121.435549474
31.2375329857 121.434719473
31.2382369857 121.434136473
31.2387179857 121.433621472
31.2390899857 121.432986472
31.2395469856 121.432159471
31.2397829856 121.43147947
31.2401369856 121.43119147
31.2401849856 121.43121147
31.2408279856 121.43174947
31.2410529856 121.431952471
31.2415719856 121.432384471
31.2421029857 121.433166472
31.2420379857 121.433291472
31.2413979857 121.434087473
31.2412749857 121.434214473
31.2407269857 121.434664473
31.2399569857 121.435257474
31.2392649858 121.435749474
31.2386669858 121.436126475
31.2377319858 121.436596475
31.2368049858 121.437117476
31.2365879858 121.437241476
31.2358729858 121.437706476
31.2350099858 121.438442477
31.2342679859 121.439214478
31.2335569859 121.439932478
31.2329079859 121.440607479
31.2322579859 121.44133648
31.2315879859 121.44182448
31.231404986 121.44196648
31.231391986 121.442119481
31.231547986 121.442411481
31.232154986 121.443357482
31.232691986 121.444176483
31.233042986 121.444971484
31.2331629861 121.445144484
31.2332549861 121.445152484
31.2333069861 121.445136484
31.233526986 121.444976484
31.233697986 121.444804483
31.233991986 121.444464483
31.234287986 121.444061483
31.234394986 121.443967483
31.234359986 121.443882482
31.234069986 121.443307482
31.233719986 121.442476481
#
31.196901984 121.38409742
31.196884984 121.383999419
31.1966379839 121.383709419
31.1962029839 121.383649419
31.1959519839 121.383772419
31.195792984 121.383847419
31.195632984 121.383922419
31.195444984 121.384016419
31.195169984 121.38419642
31.195011984 121.38431242
31.194917984 121.38437642
31.194891984 121.38440242
31.194771984 121.38448642
31.194552984 121.38459242
31.194529984 121.38460742
31.194269984 121.38479742
31.193821984 121.385121421
31.193059984 121.385681421
31.192107984 121.386309422
31.1909069841 121.387004423
31.1896649841 121.387596423
31.1883529841 121.388057424
31.1871119841 121.388507424
31.1859699841 121.388959425
31.1849499841 121.389352425
31.1849029841 121.389461425
31.1849399842 121.389644425
31.1850229842 121.389726425
31.1851449842 121.389729425
31.1859449841 121.389449425
31.1869699841 121.389069425
31.1880329841 121.388697424
31.1884729841 121.388537424
31.1885819841 121.388536424
31.1886919841 121.388617424
31.1889669841 121.389416425
31.1892529842 121.390214426
31.1895919842 121.391151427
31.1899019842 121.392224428
31.1902129843 121.393151429
31.1902179843 121.393264429
31.1903779843 121.393366429
31.1904749843 121.393376429
31.1911479843 121.393079429
31.1920249843 121.392749429
31.1931329843 121.392474428
31.1937179843 121.392331428
31.1939669843 121.392294428
31.1942279842 121.392202428
31.1942899842 121.392191428
31.1943419842 121.392182428
31.1944949842 121.392052428
31.1945679842 121.392031428
31.1951019842 121.391902428
31.1954929842 121.391751428
31.1957219842 121.391621428
31.1957399842 121.391506427
31.1956949842 121.390966427
31.1955969842 121.390422426
31.1954829842 121.389827426
31.1955319842 121.389689426
31.1956699842 121.389592425
31.1960299842 121.389446425
31.1966799841 121.389239425
31.1970629841 121.389032425
31.1976499841 121.388826425
31.1984449841 121.388609424
31.1986699841 121.388619424
31.1989829841 121.388469424
31.1991179841 121.388321424
31.1990549841 121.387817424
31.1987819841 121.386831423
31.198046984 121.385611421
#
31.2019529872 121.481131518
31.2020769872 121.481122518
31.2021569872 121.481126518
31.2022449872 121.481119518
31.2023399872 121.481117518
31.2035069872 121.480872518
31.2036079872 121.480904518
31.2036919872 121.480964518
31.2043349872 121.480831518
31.2050619872 121.480446517
31.2061069871 121.480087517
31.2072699871 121.479672517
31.2073669871 121.479649517
31.2074629871 121.479652517
31.2075549871 121.479656517
31.2079779871 121.479869517
31.2083899872 121.480324517
31.2084899872 121.480347517
31.2092849871 121.479929517
31.2100769871 121.479637517
31.2105369871 121.479012516
31.2107499871 121.478926516
31.2108199871 121.478891516
31.2108069871 121.478842516
31.2115749871 121.478336516
31.2123099871 121.477774515
31.2124469871 121.477717515
31.2125179871 121.477712515
31.2129769871 121.477522515
31.2132029871 121.477671515
31.2134919871 121.478904516
31.2136919872 121.480434518
31.2137519872 121.481124518
31.2137669872 121.481222518
31.2137679872 121.481347519
31.2138079872 121.481432519
31.2139129872 121.481547519
31.2139719872 121.481556519
31.2149079872 121.481314519
31.2165119872 121.480714518
31.2181179871 121.479952517
31.2196919871 121.479136517
31.2209799871 121.478451516
31.2221349871 121.477652515
31.2224369871 121.477447515
31.2225299871 121.477369515
31.2225799871 121.477164515
31.222306987 121.476321514
31.221892987 121.475344513
31.221456987 121.474081512
31.2209379869 121.472809511
31.2206579869 121.471672509
31.2206179869 121.471469509
31.2206899869 121.471267509
31.2203599868 121.470146508
31.2203849868 121.470056508
31.2204349868 121.470001508
31.2208049868 121.469709508
31.2211269868 121.469681507
31.2211649868 121.469682507
31.2212629868 121.469664507
31.2213119868 121.469669507
31.2214569868 121.469669507
31.2215449868 121.469692508
31.2215879868 121.469739508
31.2216169868 121.469716508
31.2215969868 121.469711508
31.2211449868 121.469777508
31.2203769868 121.469794508
31.2200549868 121.470001508
31.2190349868 121.470234508
31.2182529868 121.470336508
31.2181019868 121.470112508
31.2175999868 121.468701506
31.2174279867 121.466907505
31.2174729867 121.465942504
31.2164449867 121.465647503
31.2148069867 121.465921504
31.2121479868 121.467959506
31.2107329868 121.468411506
31.2092319868 121.468716506
31.2076179868 121.469444507
31.2057919868 121.470221508
31.2040679869 121.470951508
31.2022369869 121.471632509
31.2005979869 121.47224451
31.1988469869 121.47298951
31.197122987 121.474057511
31.195217987 121.474882512
31.193586987 121.475526513
31.191894987 121.476171513
31.189829987 121.476969514
31.1881449871 121.477639514
31.1865319871 121.478274515
31.1843549871 121.479134516
31.1822369871 121.479966517
31.1806299871 121.480026517
31.1792579871 121.479121516
31.178196987 121.477222514
31.177197987 121.475267512
31.1759879869 121.473857511
31.1744349869 121.47345451
31.1726419869 121.473999511
31.171196987 121.474584511
31.169592987 121.475194512
31.167937987 121.475777512
31.166667987 121.476271513
31.165701987 121.476659513
31.165476987 121.476769513
31.165452987 121.476816513
31.165497987 121.476879513
31.165459987 121.476981513
31.165429987 121.477017513
31.165509987 121.477081513
31.165631987 121.477079513
31.167119987 121.476562513
31.167837987 121.476271513
31.167914987 121.476339513
31.168124987 121.477152514
31.168287987 121.477166514
31.168631987 121.477027513
31.168664987 121.477024513
31.168874987 121.476862513
31.168894987 121.476821513
#
31.2146899863 121.453491492
31.2147199863 121.453579492
31.2146969863 121.453562492
31.2145799863 121.453117491
31.2145029863 121.452936491
31.2145699863 121.452716491
31.2151099863 121.452551491
31.2157799863 121.452482491
31.2163219863 121.452394491
31.2167949863 121.45229949
31.2167929863 121.45227449
31.2168669863 121.45225949
31.2169479863 121.45226149
31.2174369863 121.45213249
31.2175519863 121.45207449
31.2175849863 121.45195749
31.2175599863 121.45183649
31.2173199862 121.451262489
31.2168549862 121.450119488
31.2163949862 121.448976487
31.2158919861 121.447779486
31.2154919861 121.446827485
31.2152519861 121.446274484
31.2151179861 121.446004484
31.2147879861 121.445216483
31.214476986 121.444951483
31.213831986 121.444506483
31.213027986 121.443862482
31.212287986 121.443291481
31.211652986 121.442454481
31.2111869859 121.44172148
31.2107219859 121.441051479
31.2101219859 121.440001478
31.2095499858 121.439101477
31.2090079858 121.438261476
31.2084129858 121.437317475
31.2077729858 121.436347474
31.2073999857 121.435767474
31.2072299857 121.435547473
31.2067929857 121.434881473
31.2063929857 121.434234472
31.2057919857 121.433336471
31.2054879856 121.432841471
31.2048529856 121.43181747
31.2041879856 121.430692468
31.2036999855 121.429611467
31.2032099855 121.428494466
31.2029949855 121.427756465
31.2030599855 121.427304465
31.2035069854 121.426091464
31.2036519854 121.425644463
31.2039049854 121.424929463
31.2042319854 121.424111462
31.2045379853 121.423192461
31.2049349853 121.42205246
31.2052499853 121.421189459
31.2055219852 121.420344458
31.2058319852 121.419469457
31.2058879852 121.419246457
31.2060819852 121.418669456
31.2064219851 121.417826455
31.2065099851 121.417354455
31.2064429851 121.417286455
31.2059779851 121.417072455
31.2055419851 121.416831454
31.2051769851 121.416482454
31.2047299851 121.416252454
31.2045569851 121.416111454
31.2045529851 121.416011453
31.2041699851 121.415914453
31.2037229851 121.415704453
31.2036669851 121.415641453
31.203717985 121.415226453
31.203871985 121.414962452
31.204051985 121.414871452
31.204854985 121.414601452
31.205767985 121.414217452
31.206419985 121.413672451
31.207072985 121.413237451
31.207117985 121.413179451
31.207642985 121.41299245
31.208649985 121.41260745
31.209592985 121.41244645
31.209814985 121.41241145
31.209922985 121.41247745
31.210082985 121.41300245
31.209982985 121.413417451
31.210186985 121.414116452
31.2104629851 121.415427453
31.2108249851 121.416892455
31.2113119852 121.418521456
31.2117149852 121.420197458
31.2119919853 121.42194146
31.2121429853 121.423759462
31.2127529854 121.424997463
31.2138579854 121.425872464
31.2141929854 121.425944464
31.2144849854 121.426042464
31.2146349854 121.426442464
31.2151849855 121.427274465
31.2190419856 121.432627471
31.2197879857 121.433624472
31.2206129857 121.434997473
31.2210679858 121.436604475
31.2211979858 121.438006476
#
31.2706869878 121.501887539
31.2707999878 121.502037539
31.2717669878 121.502187539
31.2726799878 121.502354539
31.2731419879 121.50281654
31.2734749879 121.50322154
31.2735079879 121.50325454
31.2739999879 121.503771541
31.2742629879 121.504079541
31.2743729879 121.504174541
31.2745119879 121.504066541
31.2745779879 121.503974541
31.2749149879 121.503607541
31.2753769879 121.50323454
31.2758469879 121.50274254
31.2763379878 121.501954539
31.2766269878 121.501274538
31.2767449878 121.501182538
31.2775049878 121.501601539
31.2784319878 121.502091539
31.2788669878 121.502346539
31.2794429878 121.50265454
31.2804699879 121.50318954
31.2813999879 121.503672541
31.2815229879 121.503767541
31.2814999879 121.503917541
31.2811819879 121.504776542
31.2812429879 121.504864542
31.2821499879 121.505292542
31.2829269879 121.505722543
31.2829899879 121.505729543
31.2830499879 121.505689543
31.2833549879 121.504891542
31.2836649879 121.504132541
31.2840549879 121.50310954
31.2843699878 121.50232254
31.2844829878 121.50224154
31.2846279878 121.50225654
31.2855629879 121.50268954
31.2865729879 121.50325154
31.2875249879 121.503684541
31.2878479879 121.503834541
31.2880299879 121.503746541
31.2880879879 121.503674541
31.2884279878 121.50256654
31.2889979878 121.500946538
31.2895069878 121.499274537
31.2897729877 121.497452535
31.2898119877 121.497079535
31.2897379877 121.496912535
31.2898899877 121.496199534
31.2898729877 121.496196534
31.2899079877 121.496159534
31.2898979877 121.496089534
31.2899579877 121.495954534
31.2895579876 121.495179533
31.2891529876 121.494452532
31.2882849876 121.493421531
31.2881829876 121.493321531
31.2879679875 121.49176953
31.2879219875 121.491247529
31.2878679875 121.490284528
31.2880069875 121.489466528
31.2880179875 121.489399528
31.2879669874 121.488617527
31.2879499874 121.487502526
31.2879919874 121.486426525
31.2879729874 121.486382525
31.2880149874 121.486357525
31.2881469874 121.486342525
31.2882269874 121.486346525
31.2883999874 121.486346525
31.2898279874 121.486471525
31.2904249874 121.486477525
31.2905699874 121.486461525
31.2919499874 121.486562525
31.2923649874 121.486572525
31.2935479874 121.486132525
31.2945969873 121.485641524
31.2948229873 121.485524524
31.2948749873 121.485171524
31.2944049873 121.484091523
31.2939969873 121.483161522
31.2938219873 121.482497521
31.2934419872 121.48122752
31.2931079872 121.479701519
31.2928879871 121.478929518
31.2926549871 121.478067517
31.2922699871 121.477062516
31.292042987 121.475747515
31.291772987 121.474384513
31.291807987 121.473059512
31.291861987 121.472972512
31.292464987 121.472777512
#
31.2461469843 121.39233643
31.2468479843 121.39237143
31.2480269843 121.39246443
31.2494979843 121.39259743
31.2509349843 121.39271943
31.2540669843 121.39296243
31.2557979843 121.393111431
31.2564879843 121.393129431
31.2581329843 121.392961431
31.2582569843 121.39290243
31.2582899843 121.39281143
31.2581669843 121.391744429
31.2584629842 121.390466428
31.2585979842 121.389984427
31.2587069842 121.389681427
31.2587869842 121.389672427
31.2594549842 121.389924427
31.2602629842 121.390119428
31.2609299842 121.390237428
31.2615449842 121.390329428
31.2616529842 121.390406428
31.2618119842 121.391259429
31.2618699843 121.391876429
31.2617769843 121.39194943
31.2613179843 121.39205143
31.2603819843 121.39230443
31.2593779843 121.39256443
31.2586779843 121.39273243
31.2585529843 121.39276243
31.2578799843 121.39287143
31.2564999843 121.39297243
31.2547449843 121.39286443
31.2531299843 121.39275143
31.2526319843 121.39271443
31.2514299843 121.39263143
31.2497329843 121.39245243
31.2480549843 121.39229943
31.2474769843 121.39224243
31.2474169843 121.392239429
31.2469299843 121.392204429
31.2458669843 121.392116429
31.2446449843 121.392064429
31.2437549843 121.391994429
31.2436649843 121.392022429
31.2435329843 121.392219429
31.2433779843 121.39313443
31.2433349843 121.394399432
31.2409769844 121.395534433
31.2401219844 121.396039433
31.2392379844 121.396522434
31.2382779844 121.397066434
31.2374179845 121.397611435
31.2368819845 121.398162436
31.2367569845 121.398066435
31.2358679845 121.397569435
31.2349129844 121.397414435
31.2341679844 121.397291435
31.2340669844 121.397224434
31.2339869844 121.397074434
31.2339519844 121.395919433
31.2339029844 121.394666432
31.2338969843 121.394517432
31.2338829843 121.394361431
31.2338179843 121.39310943
31.2337779843 121.392049429
#
