31.256679987 121.474387513
31.257057987 121.474221513
31.257524987 121.474034512
31.257987987 121.473796512
31.258314987 121.473552512
31.258391987 121.473444512
31.258374987 121.473317512
31.2583679869 121.473024511
31.2584519869 121.472947511
31.2584979869 121.472774511
31.2583869869 121.472696511
31.2584249869 121.472659511
31.2582579869 121.472577511
31.2579979869 121.472567511
31.2574699869 121.472452511
31.2568319869 121.472256511
31.2560849869 121.472219511
31.2559949869 121.472197511
31.2560019869 121.472151511
31.2558249869 121.472421511
31.2548999869 121.472631511
31.2547049869 121.472664511
31.2541869869 121.472987511
31.253524987 121.473599512
31.252609987 121.474404513
31.251932987 121.474946513
31.251184987 121.475629514
31.2501929871 121.476451515
31.2498449871 121.476727515
31.2498649871 121.477142515
31.2501829871 121.478154516
31.2508019871 121.479154517
31.2514619872 121.479981518
31.2516449872 121.480307518
31.2516399872 121.480349518
31.2511879872 121.480479518
31.2501719872 121.480599519
31.2492549872 121.480839519
31.2482229872 121.481036519
31.2473279872 121.481259519
31.2472069872 121.481381519
31.2474019872 121.48226952
31.2452479873 121.484186522
31.2448779873 121.484797522
31.2439199873 121.485569523
31.2426719873 121.485781523
31.2414929873 121.485559523
31.2405429873 121.485544523
31.2394149873 121.485749523
31.2382779873 121.485882523
31.2372999873 121.486171524
31.2367979874 121.486486524
31.2367799874 121.486606524
31.2363779874 121.486797524
31.2360279874 121.486991524
31.2354479874 121.487289525
31.2345869874 121.487872525
31.2337319874 121.488716526
31.2329079874 121.489329526
31.2326769875 121.489802527
31.2325299875 121.489916527
31.2323479875 121.490287527
#
31.2063099885 121.525834559
31.2054419885 121.525539559
31.2041149885 121.525044559
31.2028899885 121.524357558
31.2019429884 121.523311557
31.2016779884 121.522849557
31.2019319884 121.521491555
31.2023219883 121.519781554
31.2027429883 121.517889552
31.2030649882 121.516257551
31.2033369882 121.514684549
31.2036999881 121.512911548
31.2040749881 121.511222546
31.204421988 121.509666545
31.204909988 121.508027543
31.2055479879 121.506364542
31.2061419879 121.50479954
31.2067149878 121.503279539
31.2073279878 121.501624537
31.2079219877 121.499959536
31.2085069877 121.498324534
31.2090519877 121.496822533
31.2094969876 121.496204532
31.2100779876 121.496024532
31.2106479876 121.496212532
31.2111219877 121.496857533
31.2111619877 121.497582534
31.2108429877 121.498242534
31.2103149877 121.498592535
31.2097469877 121.498561535
31.2092919877 121.498114534
31.2091769877 121.497416534
31.2094349877 121.496774533
31.2099649876 121.496429533
31.2102029876 121.496412533
31.2106919876 121.496464533
31.2108179876 121.496462533
31.2109549876 121.496472533
31.2110969876 121.496469533
31.2120249876 121.496551533
31.2128479876 121.496304533
31.2133799876 121.495602532
31.2137299876 121.49390453
31.2142099875 121.49318153
31.2144369875 121.49302453
31.2151429875 121.492032529
31.2150829875 121.491404528
31.2149969875 121.491079528
31.2149029875 121.490259527
31.2147729874 121.489214526
31.2147649874 121.488966526
31.2148769874 121.488804526
31.2155299874 121.488562525
31.2165499874 121.488276525
31.2176129874 121.488027525
31.2186429874 121.487769525
31.2198249874 121.487397524
31.2205099874 121.487157524
31.2213479874 121.486762524
31.2223799873 121.486212523
31.2234279873 121.485692523
31.2240099873 121.485357523
31.2249649873 121.484829522
31.2254999873 121.484782522
31.2257499873 121.485414523
31.2260629873 121.486262523
#
31.2559079892 121.549997582
31.2556649892 121.549892582
31.2554179892 121.549964582
31.2548969892 121.550467582
31.2542619892 121.551121583
31.2535819892 121.551707583
31.2527499892 121.552197584
31.2518219892 121.552507584
31.2513499892 121.552427584
31.2509229892 121.551997583
31.2508029892 121.551452583
31.2510069892 121.550789582
31.2515629892 121.549662581
31.2521579891 121.54850658
31.2527079891 121.547404579
31.2533819891 121.546259578
31.254186989 121.545226577
31.254972989 121.544241577
31.255807989 121.543232576
31.256716989 121.542096575
31.2576769889 121.540892574
31.2586279889 121.539701573
31.2595499889 121.538534572
31.2605129888 121.537329571
31.2615229888 121.53616257
31.2627199888 121.535092569
31.2640079887 121.534229568
31.2653169887 121.533447567
31.2664849887 121.532627567
31.2674649887 121.531891566
31.2681729887 121.531359566
31.2687099887 121.530952565
31.2694369886 121.530414565
31.2698049886 121.530141565
31.2702379886 121.529814564
31.2706149886 121.529536564
31.2709969886 121.529267564
31.2714369886 121.528966563
31.2718549886 121.528687563
31.2721999886 121.528466563
31.2724969886 121.528302563
31.2728269886 121.528112563
31.2731579886 121.527917563
31.2735219886 121.527689562
31.2738169886 121.527499562
31.2742099886 121.527239562
31.2745079885 121.527011562
31.2747869885 121.526784562
31.2751079885 121.526504561
31.2754249885 121.526206561
31.2757499885 121.525872561
31.2760849885 121.52549656
31.2763929885 121.52511956
31.2766529885 121.52480456
31.2769799885 121.52440156
31.2772569885 121.524057559
31.2775249885 121.523724559
31.2777769884 121.523412559
31.2780769884 121.523047558
31.2783929884 121.522661558
31.2787949884 121.522221558
31.2793149884 121.521737557
31.2799169884 121.521321557
31.2804379884 121.521049557
31.2814879884 121.520551556
31.2819919884 121.520329556
31.2827699884 121.519986556
31.2837269883 121.519567555
31.2848019883 121.519072555
31.2858899883 121.518591554
31.2869519883 121.518082554
31.2878079883 121.517121553
31.2881049882 121.515672552
31.2877979882 121.51407755
31.2874119881 121.512404549
31.2870219881 121.510769547
31.286759988 121.509186546
31.286909988 121.507549544
31.2874279879 121.505972543
31.2879729879 121.504462542
31.2885079879 121.50298754
31.2890469878 121.501501539
31.2894129878 121.499929537
31.2894849877 121.498357536
31.2895279877 121.496827535
31.2893499876 121.495314533
31.2886319876 121.494062532
31.2879499876 121.492777531
31.2877919875 121.491244529
31.2877849875 121.489687528
31.2877829874 121.488067526
31.2877829874 121.486492525
31.2878199873 121.484994523
31.2878549873 121.483489522
31.2880629872 121.482122521
31.2879319872 121.48132752
#
31.1688749844 121.396004432
31.1689019844 121.396001432
31.1690179844 121.396029432
31.1690469844 121.396109432
31.1691799844 121.396824432
31.1692929844 121.397437433
31.1694699845 121.398341434
31.1696649845 121.399397435
31.1699069845 121.400621437
31.1700879846 121.401552438
31.1701169846 121.401772438
31.1703299846 121.402812439
31.1705919847 121.40413944
31.1708369847 121.405492442
31.1709929847 121.406342443
31.1712099848 121.407376444
31.1714129848 121.408404445
31.1716149848 121.409447446
31.1718699849 121.410694447
31.1720879849 121.411817448
31.172322985 121.41294645
31.172201985 121.41306945
31.171771985 121.41322145
31.171917985 121.41326445
31.172281985 121.41318245
31.172899985 121.41292445
31.1738279849 121.412572449
31.1747869849 121.412216449
31.1758099849 121.411779448
31.1761679849 121.411552448
31.1762049849 121.411331448
31.1759919849 121.410302447
31.1757799848 121.409097446
31.1757549848 121.408976445
31.1756569848 121.408901445
31.1754629848 121.407646444
31.1752569847 121.406332443
31.1750649847 121.405166441
31.1750749847 121.404886441
31.1751669847 121.404787441
31.1762049847 121.404607441
31.1773579847 121.404389441
31.1784549847 121.40417244
31.1797499847 121.40393744
31.1809079846 121.40367144
31.1817799846 121.40322644
31.1827549846 121.402551439
31.1839449846 121.401719438
31.1850879845 121.400919437
31.1862119845 121.400144436
31.1865069845 121.399871436
31.1865649845 121.399577436
31.1863369845 121.398926435
31.1857479844 121.397452434
31.1850919844 121.395959432
31.1844979843 121.394641431
31.1839799843 121.393432429
31.1837649843 121.392946429
31.1833899842 121.392239428
31.1830699842 121.391432427
31.1827379842 121.390636426
31.1824069842 121.390209426
31.1821779842 121.390217426
31.1811729842 121.390547426
31.1801219842 121.390839426
31.1790079842 121.391137427
31.1777849842 121.391522427
31.1764749842 121.391901427
31.1751499842 121.392266428
31.1738479843 121.392607428
31.1728349843 121.392889428
#
31.2299719872 121.480451518
31.2293999871 121.479564517
31.2290929871 121.479352517
31.2287049871 121.478662516
31.2285549871 121.478337516
31.2285469871 121.478234516
31.2285869871 121.478234516
31.2285779871 121.478167516
31.2283319871 121.477814515
31.2281549871 121.477706515
31.2279629871 121.477684515
31.2283029871 121.477296515
31.2283999871 121.477246515
31.2283529871 121.477231515
31.2283899871 121.477252515
31.2284299871 121.477219515
31.2283399871 121.477037515
31.2284319871 121.476907515
31.228411987 121.476599514
31.228301987 121.476156514
31.228411987 121.475951514
31.228431987 121.475724513
31.228476987 121.475717513
31.229089987 121.475044513
31.229616987 121.474569512
31.229692987 121.474499512
31.230086987 121.474182512
31.230577987 121.473854512
31.230722987 121.473781512
31.230759987 121.473612511
31.2304779869 121.472979511
31.2297749869 121.47199451
31.2291299869 121.471019509
31.2285019868 121.469681508
31.2280629868 121.468587507
31.2275949868 121.467424505
31.2272479867 121.466546505
31.2268269867 121.465571504
31.2267349867 121.464796503
31.2270429867 121.464092502
31.2280469866 121.463296501
31.2294549866 121.462821501
31.2310079866 121.462652501
31.2325449866 121.462511501
31.2338169866 121.462257501
31.2351519866 121.4618175
31.2367619866 121.4615315
31.2383319866 121.460827499
31.2398869865 121.459889498
31.2414299865 121.459316498
31.2427699865 121.458776497
31.2440829865 121.458309497
31.2452869865 121.457949497
31.2454819865 121.457919497
31.2464149865 121.458194497
31.2470569865 121.458642497
31.2471379865 121.458642497
31.2473919865 121.458482497
31.2476069865 121.458074497
31.2475179864 121.457157496
31.2477619864 121.455986495
31.2480199864 121.454751494
31.2479979863 121.453714492
31.2478829863 121.452361491
31.2478069862 121.45096249
31.2477869862 121.449751489
31.2477669862 121.449489488
#
31.2576569861 121.445146484
31.2575419861 121.445237484
31.2572179861 121.445311484
31.2570379861 121.445217484
31.256962986 121.444486484
31.256817986 121.443646483
31.256821986 121.443401482
31.257014986 121.443226482
31.257449986 121.443206482
31.257929986 121.443131482
31.258106986 121.443037482
31.257524986 121.443202482
31.256734986 121.443369482
31.256032986 121.443456482
31.255651986 121.443317482
31.255804986 121.442817482
31.255854986 121.442684482
31.256027986 121.442239481
31.2563499859 121.44141448
31.2567649859 121.440237479
31.2571729859 121.438981478
31.2576169858 121.437747477
31.2579469858 121.436406475
31.2582399857 121.434901474
31.2588269856 121.431846471
31.2590949856 121.430432469
31.2602429854 121.424512463
31.2605599853 121.422881462
31.2608199853 121.42149146
31.2609169853 121.42093246
31.2610219852 121.420209459
31.2611369852 121.419626458
31.2613349852 121.418664457
31.2614729852 121.417949457
31.2616029851 121.417187456
31.2617949851 121.416191455
31.2620029851 121.415127454
31.262217985 121.413974453
31.262416985 121.412876452
31.262627985 121.41186145
31.2626949849 121.41147645
31.2628349849 121.410814449
31.2629869849 121.410004449
31.2631179849 121.409181448
31.2632149849 121.408714447
31.2634069848 121.407626446
31.2636169848 121.406464445
31.2636749848 121.406142445
31.2636819848 121.406091445
31.2638019847 121.405497444
31.2640179847 121.404609443
31.2642499847 121.403601442
31.2645249846 121.402384441
31.2646499846 121.40173644
31.2646619846 121.40167144
31.2647899846 121.401027439
31.2650669846 121.400057438
31.2653449845 121.398691437
31.2655649845 121.397587436
31.2658349844 121.396174434
31.2660029844 121.394971433
31.2660519843 121.394011432
31.2661899843 121.393202431
31.2663349843 121.39271243
31.2666629843 121.39267443
31.2670769843 121.39267143
31.2678679843 121.39270743
31.2687779843 121.39240643
31.2696349843 121.39195743
31.2703899843 121.391536429
#
31.2333249861 121.445124484
31.233597986 121.444822483
31.233717986 121.444724483
31.233791986 121.444607483
31.234206986 121.444126483
31.234611986 121.443784482
31.235121986 121.443362482
31.235729986 121.442791481
31.236524986 121.441971481
31.2370999859 121.44135448
31.2375279859 121.44123748
31.2376379859 121.44140148
31.237847986 121.442086481
31.238106986 121.442881482
31.238251986 121.443127482
31.238312986 121.443364482
31.238617986 121.444199483
31.2389169861 121.445014484
31.2390899861 121.445246484
31.2391229861 121.445236484
31.239761986 121.444697483
31.240644986 121.443932483
31.241457986 121.443236482
31.241882986 121.442842482
31.242579986 121.442161481
31.2430369859 121.44162948
31.2432129859 121.44143248
31.2436569859 121.44100248
31.2443979859 121.440267479
31.2447969859 121.439901479
31.2448869859 121.439816479
31.2452219859 121.439477478
31.2458069859 121.439059478
31.2459149859 121.439019478
31.2459519859 121.439039478
31.2460179859 121.439146478
31.2462069859 121.439846479
31.2462169859 121.439922479
31.2464129859 121.44072248
31.246567986 121.441914481
31.246839986 121.443057482
31.247061986 121.444717484
31.2473019861 121.446542485
31.2475749862 121.448197487
31.2475899862 121.448569487
31.2476949862 121.448966488
31.2477819862 121.449026488
31.2478919862 121.449019488
31.2487169862 121.448494487
31.2497619861 121.447797487
31.2510099861 121.447032486
31.2522769861 121.446711486
31.2524129861 121.446714486
31.2535369861 121.446856486
31.2545429861 121.447014486
31.2557669861 121.447222486
31.2568919861 121.447422486
31.2572979861 121.447589487
31.2577879862 121.448856488
31.2581579862 121.450079489
31.2584969863 121.45109749
31.2585829863 121.45110449
31.2586279863 121.45107449
31.2591799862 121.45052949
31.2599919862 121.450169489
31.2602179862 121.450166489
31.2605869862 121.450222489
31.2610519862 121.450341489
31.2613069862 121.45074649
31.2617969863 121.451881491
31.2618469863 121.452917492
31.2618719863 121.453569493
31.2618899864 121.454476494
31.2621379864 121.455219494
31.2623319864 121.456079495
#
