31.2124649881 121.512614548
31.2125679881 121.512601548
31.2129229881 121.512184547
31.2130569881 121.511787547
31.2131699881 121.510966546
31.2133019881 121.510781546
31.213629988 121.510072545
31.213724988 121.510027545
31.2143169881 121.510299546
31.2152129881 121.510667546
31.2159279881 121.510767546
31.2171799881 121.510511546
31.218511988 121.510059545
31.219179988 121.509861545
31.219447988 121.509476545
31.219736988 121.509271545
31.220209988 121.509186545
31.220276988 121.509102545
31.221411988 121.508536544
31.222621988 121.508069544
31.222754988 121.507966544
31.223671988 121.507831543
31.223794988 121.507816543
31.223937988 121.507772543
31.224071988 121.507767543
31.225484988 121.507544543
31.226461988 121.507072543
31.226559988 121.507059543
31.226707988 121.507077543
31.227022988 121.506744543
31.2271499879 121.506681542
31.2272169879 121.506612542
31.2274669879 121.506347542
31.2277279879 121.506119542
31.2282869879 121.505064541
31.2284569879 121.504561541
31.2291269879 121.50406154
31.2292419879 121.50360754
31.2297929878 121.502634539
31.2305279878 121.502006538
31.2314679878 121.501566538
31.2322999878 121.500832537
31.2331399878 121.500166537
31.2334929878 121.499964536
31.2337399878 121.499977536
31.2340019878 121.499862536
31.2340319877 121.499696536
31.2341879877 121.499636536
31.2342579877 121.499597536
31.2348849878 121.500009536
31.2355329878 121.500061537
31.2376979878 121.500082537
31.2377379878 121.500091537
31.2377679878 121.500072537
31.2378079878 121.500162537
31.2380349877 121.499787536
31.2384899877 121.499701536
31.2391379878 121.499887536
31.2414319878 121.501161538
31.2419549878 121.501629538
31.2420119878 121.501876538
31.2420179878 121.502007538
#
31.2048749864 121.455767494
31.2049849864 121.456264494
31.2051279864 121.456661494
31.2053619864 121.456784495
31.2054899864 121.456974495
31.2054029864 121.457709496
31.2055049865 121.458909497
31.2058249865 121.460382498
31.2060179866 121.460984499
31.2059699866 121.461122499
31.2062549866 121.461624499
31.2069749866 121.462867501
31.2074169866 121.463812502
31.2078219867 121.464771502
31.2078879867 121.466146504
31.2079749867 121.466871505
31.2080369867 121.466981505
31.2082199867 121.466982505
31.2084849867 121.466777504
31.2085649867 121.466794504
31.2087069867 121.466796504
31.2088169867 121.466834504
31.2090049867 121.466476504
31.2091629867 121.466539504
31.2095369867 121.466672504
31.2095599867 121.466762504
31.2099869868 121.467476505
31.2102129868 121.468384506
31.2114749869 121.471337509
31.2115319869 121.471366509
31.2114129869 121.471764509
31.2116269869 121.47272951
31.211924987 121.474107512
31.212371987 121.475469513
31.212819987 121.476596514
31.212789987 121.476476514
31.212767987 121.476291514
31.2131569871 121.476967514
31.2132629871 121.477126514
31.2132219871 121.477111514
31.2133969871 121.477686515
31.2136669871 121.479046516
31.2138699872 121.480774518
31.2139549872 121.481464519
31.2138969872 121.481591519
31.2144229873 121.483466521
31.2144799873 121.484184521
31.2144019873 121.484342521
31.2144929873 121.486266523
31.2146749874 121.488129525
31.2148119875 121.490081527
31.2150019875 121.491381528
31.2150599875 121.492309529
31.2147119875 121.492832529
31.2135069876 121.49371753
31.2132449876 121.494561531
31.2132169876 121.494869531
31.2132879876 121.495122532
31.2133149876 121.495714532
31.2130879876 121.495907532
31.2129849876 121.496486533
31.2119669877 121.496974533
31.2116479877 121.497082533
31.2116479877 121.497161533
31.2120479877 121.498049534
31.2127749877 121.499184535
31.2136929878 121.500356536
31.2148399878 121.501684538
31.2157349878 121.502214538
31.2159899878 121.502262538
31.2168499878 121.502382538
31.2181429878 121.501812538
31.2195029878 121.501109537
31.2198329878 121.501031537
31.2204069878 121.501046537
31.2224749878 121.500417537
31.2231479878 121.500202536
31.2248829878 121.500274537
31.2254299877 121.498722535
31.2262619877 121.497652534
31.2267829877 121.496807533
31.2273549876 121.496294533
31.2273829876 121.496056533
31.2276899876 121.495657532
31.2279169876 121.495439532
31.2280319876 121.495106532
31.2288129876 121.494174531
31.2291749876 121.493799531
#
31.2054169845 121.398734435
31.2052479845 121.398144435
31.2049729844 121.397396434
31.2044919844 121.396072433
31.2042019844 121.395137432
31.2042169844 121.394992431
31.2043199843 121.394927431
31.2044969843 121.394949431
31.2051749844 121.395151432
31.2063749844 121.395332432
31.2072169844 121.395464432
31.2074169844 121.395499432
31.2076249844 121.395536432
31.2077549844 121.395697432
31.2078799844 121.396722433
31.2078749845 121.397857435
31.2077829845 121.398322435
31.2076979845 121.399076436
31.2075319845 121.399914437
31.2072429846 121.400806438
31.2069849846 121.401722439
31.2067479846 121.40276644
31.2063769847 121.403602441
31.2056829847 121.404466441
31.2053899847 121.405071442
31.2051829847 121.406031443
31.2050469848 121.406892444
31.2050619848 121.407416445
31.2050269848 121.407577445
31.2049029848 121.407649445
31.2038079848 121.407841445
31.2025629848 121.408282445
31.2013549848 121.408992446
31.2001449849 121.409836447
31.1990199849 121.410699448
31.1977969849 121.411627449
31.196632985 121.41251945
31.195336985 121.413506451
31.193966985 121.414541452
31.1926119851 121.415532453
31.1911699851 121.416561454
31.1897649851 121.417549455
31.1884699852 121.418456456
31.1865799852 121.419767457
31.1858999852 121.420254457
31.1851399852 121.420944458
31.1845899853 121.421696459
31.1842379853 121.42238746
31.1840869853 121.42278646
31.1839479853 121.42329246
31.1838669853 121.423676461
31.1836869854 121.424549462
31.1834719854 121.425571463
31.1831899854 121.426649464
31.1826649855 121.428012465
31.1818479855 121.429669467
31.1812519856 121.431226469
31.1805829856 121.43312647
31.1801019857 121.434609472
31.1799329857 121.436064473
31.1804169858 121.437436475
31.1814799858 121.438867476
31.1826169859 121.440361478
31.1837219859 121.441746479
31.184874986 121.443146481
31.186069986 121.444589482
31.1871399861 121.446167484
31.1878249861 121.448027486
31.1882779862 121.449901487
31.1887229862 121.451621489
31.1893019863 121.453361491
31.1902369864 121.454939492
31.1909419864 121.456107494
31.1916699864 121.457292495
31.1924169865 121.458459496
31.1931869865 121.459461497
31.1939719865 121.460522498
31.1947649866 121.461956499
31.1955929866 121.463462501
31.1963319867 121.464816502
31.1970329867 121.466407504
31.1975469868 121.467926505
31.1981519868 121.469709507
31.1988479869 121.471664509
31.1995149869 121.473697511
31.200279987 121.475906513
31.2010369871 121.478091515
31.2017029871 121.480104517
31.2024399872 121.482302519
31.2031849873 121.484497521
31.2041429873 121.486429523
31.2053549874 121.488072525
31.2064249874 121.489471526
31.2075029875 121.490897527
31.2084929875 121.492231529
31.2092429876 121.49379453
31.2097419876 121.495199532
31.2096549876 121.495712532
31.2091919877 121.496931533
31.2091349877 121.498006534
31.2094369877 121.498479535
31.2100199877 121.498729535
31.2101429877 121.498724535
31.2106769877 121.498502535
31.2111499877 121.497782534
31.2111929877 121.497036533
31.2108569876 121.496326533
31.2101599876 121.495934532
31.2094029876 121.496101532
31.2089329876 121.496652533
31.2083649877 121.498222534
31.2076849877 121.500101536
31.2069449878 121.502159538
31.2061719879 121.50430154
31.2054029879 121.506416542
31.204659988 121.508524544
31.2041249881 121.510601546
31.2036479881 121.512709548
31.2032129882 121.514631549
31.2027849882 121.516356551
31.2022349883 121.518451553
31.2017819883 121.520412555
31.2014029884 121.522116556
31.2011049884 121.522682557
31.2004549884 121.522904557
31.1994149884 121.523074557
31.1965429884 121.522091556
31.1951419884 121.521529555
31.1948479884 121.521412555
31.1945619884 121.521297555
31.1944049884 121.521259555
31.1943879884 121.521287555
31.1944079884 121.521367555
31.1946479884 121.521526555
31.1953379884 121.521817556
31.1955719884 121.522002556
31.1957849884 121.522639556
31.1958829884 121.522956557
31.1960719884 121.523577557
31.1963119884 121.524284558
31.1965899885 121.525142559
31.1967629885 121.525856559
31.1967449885 121.52606956
31.1962429885 121.52632256
31.1956229885 121.52659456
31.1949969885 121.52690456
31.1943049885 121.527252561
31.1936779885 121.527576561
31.1931149885 121.527864561
31.1924819886 121.528199561
31.1918749886 121.528514562
31.1912919886 121.528789562
31.1904899886 121.529094562
31.1899919886 121.529287562
31.1897179886 121.529516562
31.1896269886 121.529786563
31.1896449886 121.531047564
31.1896519887 121.532852565
31.1896869887 121.534751567
31.1896849888 121.535459568
#
31.2124119854 121.424917463
31.2127069854 121.425019463
31.2130569854 121.425321463
31.2132829854 121.425404463
31.2134579854 121.425321463
31.2141819854 121.425721464
31.2144149854 121.426091464
31.2145119854 121.425936464
31.2145279854 121.426171464
31.2145549854 121.426322464
31.2146019854 121.426432464
31.2146719854 121.426609465
31.2147229854 121.426667465
31.2147449854 121.426752465
31.2152649855 121.427494465
31.2157249855 121.428466466
31.2163069855 121.429577468
31.2165019855 121.429871468
31.2168479856 121.431359469
31.2168879856 121.43150747
31.2178319856 121.432427471
31.2180669856 121.432506471
31.2183279856 121.432411471
31.2187069856 121.432832471
31.2185969857 121.433699472
31.2186149857 121.433726472
31.2186029857 121.434722473
31.2186619857 121.435066473
31.2187099857 121.435691474
31.2190819857 121.435942474
31.2190829858 121.435976474
31.2191749857 121.435961474
31.2217819858 121.436426475
31.2222269858 121.436886475
31.2227529858 121.437471476
31.2232169858 121.438152476
31.2236999859 121.438997477
31.2238379859 121.439142477
31.2239199859 121.439739478
31.2243049859 121.440069478
31.2243529859 121.440097478
31.2244219859 121.440097478
31.2244449859 121.440181479
31.2244729859 121.440367479
31.2245269859 121.440507479
31.2248899859 121.440727479
31.2252729859 121.440852479
31.2256079859 121.440762479
31.2259799859 121.440351479
31.2259329859 121.440232479
31.2257029859 121.439951478
31.2257249859 121.439957478
31.2263299859 121.440489479
31.2267499859 121.44153148
31.2268119859 121.44168648
31.226741986 121.442116481
31.227156986 121.442891481
31.227269986 121.442956481
31.227409986 121.442994481
31.228479986 121.442949481
31.229089986 121.442789481
#
31.2418379857 121.433601472
31.2422769857 121.433057472
31.2425819856 121.432527471
31.2427599856 121.431994471
31.2430029856 121.43159647
31.2431199856 121.43120747
31.2434449856 121.430701469
31.2439129856 121.429759468
31.2445519855 121.428774467
31.2455849855 121.428307467
31.2467569855 121.428011467
31.2479399855 121.427542466
31.2488849855 121.426994466
31.2492919855 121.426684465
31.2497129854 121.426269465
31.2499629854 121.425749464
31.2498899854 121.425671464
31.2494369854 121.425267464
31.2491219854 121.424939464
31.2488149854 121.424562463
31.2482829854 121.423842463
31.2479819853 121.422951462
31.2477399853 121.422352461
31.2476679853 121.422092461
31.2477119853 121.422019461
31.2483179853 121.42160446
31.2491219853 121.42109646
31.2497649853 121.420727459
31.2503799852 121.420336459
31.2511849852 121.419886459
31.2518629852 121.419481458
31.2526829852 121.418901458
31.2532649852 121.418514457
31.2540699852 121.417962457
31.2549719852 121.417619456
31.2559229851 121.417452456
31.2570579851 121.417359456
31.2580099851 121.417259456
31.2594169851 121.417436456
31.2610149852 121.417564456
31.2624849852 121.417722457
31.2636949852 121.417844457
31.2648699852 121.417956457
31.2660969852 121.418057457
31.2663449852 121.418074457
31.2665299852 121.417996457
31.2666319852 121.417807457
31.2668229851 121.416656456
31.2670129851 121.415456454
31.2670749851 121.414994454
31.267206985 121.414224453
31.267391985 121.413262452
31.267551985 121.412297451
31.2677519849 121.41106445
31.2680069849 121.409701448
31.2685419848 121.408424447
31.2696779848 121.407426446
31.2704419848 121.406582445
31.2705949848 121.406296445
31.2708349848 121.405692444
31.2709869847 121.404232443
31.2710029846 121.402346441
31.2710069846 121.400424439
31.2710649845 121.398197436
31.2710679844 121.396646435
31.2710899844 121.394657433
31.2711279843 121.39254743
31.2710979842 121.391131429
31.2710079842 121.389926428
31.2709499842 121.389122427
#
31.2879129874 121.486392525
31.2889149874 121.486439525
31.2894229874 121.486487525
31.2894549874 121.486484525
31.2895719874 121.486482525
31.2896219874 121.486477525
31.2900719874 121.486459525
31.2908369874 121.486491525
31.2916999874 121.486539525
31.2920379874 121.486547525
31.2923119874 121.486522525
31.2928629874 121.486367525
31.2937179874 121.486077525
31.2942779874 121.485761524
31.2944249873 121.485686524
31.2945949873 121.485496524
31.2946219873 121.485137524
31.2942719873 121.484002523
31.2937299873 121.483526522
31.2930179873 121.483171522
31.2922169872 121.482019521
31.2913099872 121.48094652
31.2905099872 121.480326519
31.2897029872 121.479847519
31.2889119872 121.479509518
31.2884599872 121.479286518
31.2879429871 121.479081518
31.2872979871 121.478787518
31.2863219871 121.478431517
31.2852399871 121.478256517
31.2841999871 121.478229517
31.2829749871 121.478212517
31.2815079871 121.477971517
31.2803929871 121.476887516
31.279534987 121.475242514
31.278384987 121.474076513
31.277016987 121.473556512
31.275582987 121.473092512
31.2741619869 121.472561511
31.2731569869 121.471957511
31.2726199869 121.47159651
31.2720549869 121.47118451
31.2714669869 121.47068651
31.2707449869 121.469932509
31.2699449868 121.468887508
31.2691379868 121.467797507
31.2680419868 121.466799506
31.2669369867 121.465702505
31.2659599867 121.464464503
31.2651229866 121.462934502
31.2644479866 121.4612765
31.2637349865 121.459476498
31.2629729865 121.457572497
31.2623969864 121.455709495
31.2620319864 121.454186493
31.2616769863 121.452484492
31.2613079862 121.45070949
31.2610469862 121.449352488
31.2608019862 121.448156487
31.2605519861 121.446926486
31.2603419861 121.446011485
#
31.2645919869 121.470407509
31.2639849869 121.47153251
31.2631179869 121.472554511
31.262551987 121.473281512
31.262534987 121.473359512
31.262294987 121.473312512
31.2615049869 121.472492511
31.2609779869 121.471974511
31.2605299869 121.47149951
31.2598049869 121.470842509
31.2596799869 121.470771509
31.2595529869 121.470839509
31.2588149869 121.47162451
31.2582019869 121.472209511
31.2578569869 121.472632511
31.2569579869 121.472362511
31.2562599869 121.472264511
31.2557919869 121.472252511
31.2551519869 121.472432511
31.2550169869 121.472442511
31.2548699869 121.472807511
31.2540919869 121.472836511
31.253336987 121.473537512
31.252554987 121.474369513
31.252121987 121.474731513
31.252002987 121.474801513
31.251931987 121.474871513
31.251197987 121.475637514
31.250272987 121.476364515
31.2500629871 121.476491515
31.2499369871 121.476561515
31.2498449871 121.476691515
31.2497819871 121.477007515
31.2500399871 121.478049516
31.2502449871 121.478491517
31.2509349871 121.479384517
31.2515679872 121.480156518
31.2515699872 121.480252518
31.2515199872 121.480316518
31.2509679872 121.480507518
31.2509299872 121.480569519
31.2504629872 121.480502518
31.2504429872 121.480536519
31.2498249872 121.480476518
31.2492749872 121.480516518
31.2486279872 121.481239519
31.2485479872 121.481422519
31.2486349872 121.481536519
31.2484179872 121.481516519
31.2482529872 121.481384519
31.2477799872 121.481272519
31.2477129872 121.481264519
31.2475819872 121.481349519
31.2474949872 121.481359519
31.2473279872 121.481297519
31.2473049872 121.481339519
31.2474069872 121.481604519
31.2473749872 121.48166452
31.2475429872 121.48235652
31.2480129872 121.48260252
31.2481119872 121.482729521
31.2480269873 121.483094521
31.2464999873 121.483267521
31.2456949873 121.483177521
31.2455469873 121.483236521
31.2455069873 121.483316521
31.2454949873 121.483467521
31.2452749873 121.484086522
31.2448829873 121.484759522
31.2441099873 121.485397523
31.2434929873 121.485709523
31.2434449873 121.485751523
31.2432349873 121.485732523
31.2430029873 121.485859523
31.2429229873 121.485932523
31.2427549873 121.485767523
31.2427479873 121.485576523
31.2427099873 121.485267523
31.2427269873 121.485211523
31.2427619873 121.485167523
31.2427169873 121.484824522
31.2426899873 121.484667522
31.2427679873 121.484367522
31.2427869873 121.484336522
31.2428129873 121.484309522
31.2428429873 121.484207522
31.2428749873 121.484134522
31.2428519873 121.483956522
31.2428799873 121.483147521
31.2429119873 121.483136521
31.2428879872 121.482981521
31.2427779872 121.48278652
31.2427529872 121.48273752
31.2425869872 121.481396519
31.2426029872 121.481347519
31.2425899872 121.481241519
31.2425219872 121.481072519
31.2424669872 121.480182518
31.2424469871 121.479747518
31.2424449871 121.479736518
31.2423899871 121.479362517
31.2422619871 121.479296517
31.2416099871 121.479517517
31.2415719871 121.479577517
31.2413519871 121.479717518
31.2412169871 121.479687518
31.2411719871 121.479754518
31.2406129872 121.480186518
31.2404549872 121.480256518
31.2403769872 121.480252518
31.2399529872 121.480277518
31.2399199872 121.480261518
31.2396129872 121.480216518
31.2394619872 121.480171518
31.2393479872 121.480191518
31.2387979872 121.480559518
31.2384279872 121.480481518
31.2383379872 121.480656518
31.2381829872 121.480801519
31.2379479872 121.480944519
31.2377119872 121.481086519
31.2376519872 121.481184519
31.2374819872 121.481232519
31.2374379872 121.481252519
31.2369779872 121.481329519
31.2365219872 121.481547519
31.2356049872 121.481407519
31.2349829872 121.481561519
31.2347869872 121.481592519
31.2347429872 121.481611519
31.2345819872 121.481666519
31.2345029872 121.481791519
31.2344919872 121.481802519
31.2342869872 121.481884519
#
31.2400569872 121.48254752
31.2399419872 121.481712519
31.2398649872 121.481272519
31.2398579872 121.481191519
31.2396719872 121.480786519
31.2395669872 121.480527518
31.2393999872 121.480339518
31.2392329872 121.480647518
31.2391719872 121.480779519
31.2391229872 121.480754518
31.2385599872 121.480827519
31.2384779872 121.480786518
31.2382779872 121.480951519
31.2382119872 121.481037519
31.2376949872 121.481106519
31.2369099872 121.481247519
31.2360519872 121.481476519
31.2356819872 121.481472519
31.2351549872 121.481596519
31.2343149872 121.481767519
31.2338999872 121.481856519
31.2332429872 121.481824519
31.2333099872 121.481741519
31.2332899872 121.480836518
31.2331399871 121.479681517
31.2327929871 121.478124516
31.232041987 121.476519514
31.231431987 121.475286513
31.230787987 121.473992512
31.2299479869 121.47251151
31.2290129869 121.471044509
31.2282919868 121.469236507
31.2278849868 121.468106506
31.2274319867 121.467009505
31.2270329867 121.466052504
31.2265719867 121.464981503
31.2263519867 121.464766503
31.2260999867 121.464706503
31.2257029867 121.464946503
31.2250449867 121.465777504
31.2242119867 121.466501504
31.2233179867 121.466992505
31.2226899868 121.467169505
31.2222329868 121.467229505
31.2216399868 121.467214505
31.2210879867 121.467106505
31.2205569867 121.466961505
31.2199619867 121.466869505
31.2194399867 121.466654505
31.2190949867 121.466574504
31.2186129867 121.466447504
31.2180749867 121.466302504
31.2173119867 121.466086504
31.2163179867 121.465886504
31.2155499867 121.465912504
31.2149099867 121.466076504
31.2141999867 121.466422504
31.2137249867 121.466732504
31.2134829867 121.466892505
31.2131129867 121.467137505
31.2129099868 121.467261505
31.2123669868 121.467612505
31.2118619868 121.467902506
31.2112849868 121.468192506
31.2107569868 121.468391506
31.2100499868 121.468726506
31.2094829868 121.469039507
31.2091099868 121.469114507
31.2089729868 121.469069507
31.2084079868 121.469394507
31.2081529868 121.469599507
31.2080879868 121.469576507
31.2076049868 121.469712507
31.2072199868 121.469757507
31.2069919868 121.469841507
31.2065299868 121.469964507
31.2061329868 121.470111508
31.2058869868 121.470226508
31.2056829868 121.470322508
31.2052999868 121.470432508
31.2048779869 121.470631508
31.2042379869 121.470891508
31.2040679869 121.471067508
31.2038099869 121.471032508
31.2032429869 121.471446509
31.2028429869 121.471549509
31.2027779869 121.471601509
31.2020319869 121.471626509
31.2014849869 121.471789509
31.2010569869 121.471964509
31.2005399869 121.47226251
31.1998269869 121.47244451
31.1991019869 121.471782509
31.1986269868 121.470459508
31.1982929868 121.469461507
31.1979869868 121.468634506
31.1977119868 121.467942505
31.1974379867 121.467191505
31.1973249867 121.466877504
31.1971779867 121.466447504
31.1969199867 121.465732503
31.1967679867 121.465389503
31.1966479867 121.465137503
31.1964049867 121.464664502
31.1963349867 121.464531502
31.1960119866 121.463886501
31.1957619866 121.463466501
31.1955829866 121.463162501
31.1950549866 121.4622175
31.1949329866 121.461936499
31.1947849866 121.461689499
31.1944619866 121.461121499
31.1942499865 121.460729498
31.1940899865 121.460482498
31.1937819865 121.460044498
31.1932119865 121.459337497
31.1926579865 121.458579496
31.1923049865 121.458067496
31.1919919864 121.457566495
31.1916229864 121.456947494
31.1912799864 121.456401494
31.1910869864 121.456052494
31.1908919864 121.455682493
31.1906279864 121.455311493
31.1903169863 121.454806492
31.1899049863 121.454151492
31.1896049863 121.453649491
31.1893749863 121.453207491
31.1890479863 121.45229749
31.1888019862 121.451341489
31.1885629862 121.450064488
31.1881279861 121.448544486
31.1877679861 121.447212485
#
31.192276984 121.386596422
31.192699984 121.386316422
31.193061984 121.386071422
31.193354984 121.385864421
31.193666984 121.385649421
31.193962984 121.385471421
31.194096984 121.385386421
31.194331984 121.385234421
31.194622984 121.385047421
31.195089984 121.38474442
31.195762984 121.38432942
31.196224984 121.38407442
31.196317984 121.38414242
31.196802984 121.38488442
31.197469984 121.385989422
31.1981099841 121.387079423
31.1986519841 121.387959424
31.1989279841 121.388401424
31.1990979841 121.388672425
31.1992729841 121.388947425
31.1994769841 121.389246425
31.1997249842 121.389622426
31.1998079842 121.389749426
31.2000329842 121.390116426
31.2003779842 121.390697427
31.2006329842 121.391152427
31.2007579842 121.391384427
31.2008849842 121.391659428
31.2010949842 121.392142428
31.2013469843 121.392831429
31.2015749843 121.39358943
31.2017049843 121.39409943
31.2018129843 121.394542431
31.2019529844 121.395081431
31.2020969844 121.395642432
31.2022249844 121.396132433
31.2023599844 121.396664433
31.2025349844 121.397354434
31.2026419844 121.397784434
31.2028099845 121.398444435
31.2029679845 121.399066436
31.2031599845 121.399816436
31.2034249846 121.400739437
31.2039819846 121.401886439
31.2048449846 121.40305444
31.2055549847 121.404057441
31.2058719847 121.404492441
31.2060299847 121.404679442
31.2061799847 121.404859442
31.2064229847 121.405177442
31.2067499847 121.405621443
31.2073099847 121.406424444
31.2078119848 121.407129444
31.2081049848 121.407541445
31.2082699848 121.407772445
31.2083579848 121.407901445
31.2085049848 121.408111445
31.2086269848 121.408282445
31.2087369848 121.408436446
31.2088899848 121.408654446
31.2089699848 121.408774446
31.2091829848 121.409142446
31.2094579849 121.409746447
31.2095829849 121.410081447
31.2097069849 121.410514448
31.2098319849 121.411087448
31.2098729849 121.411307449
31.2098869849 121.411386449
31.2100149849 121.411994449
31.210177985 121.41276745
31.210309985 121.413401451
31.210341985 121.413552451
31.210399985 121.413841451
31.210439985 121.414019452
31.210461985 121.414124452
31.210501985 121.414314452
31.210529985 121.414442452
31.210569985 121.414649452
31.210631985 121.414932452
31.210667985 121.415112453
31.2107049851 121.415297453
31.2107449851 121.415496453
31.2107499851 121.415542453
31.2108069851 121.415811453
31.2108169851 121.415861453
31.2109549851 121.416467454
31.2110949851 121.417109455
31.2112429851 121.417764455
31.2113769852 121.418352456
31.2115669852 121.419147457
31.2117869852 121.420032458
31.2119879852 121.420866459
31.2120999853 121.42196446
31.2121579853 121.422776461
31.2123329853 121.423734462
31.2129219854 121.424854463
31.2132469854 121.425187463
31.2133119854 121.425326463
31.2133519854 121.425389463
31.2135679854 121.425636464
31.2141279854 121.425946464
31.2149029854 121.426407464
31.2155019855 121.427194465
31.2159479855 121.428106466
31.2163199855 121.428781467
31.2165999855 121.429237467
31.2167569855 121.429439468
31.2169319855 121.429647468
31.2172319856 121.430001468
31.2175299856 121.430347468
31.2177549856 121.430641469
31.2180069856 121.430964469
31.2182129856 121.431272469
31.2183699856 121.43151747
31.2185879856 121.43185247
31.2188019856 121.43222447
31.2189579856 121.432476471
31.2189749856 121.432521471
31.2190999856 121.432682471
31.2195529857 121.433231471
31.2199419857 121.434029472
31.2202119857 121.434391473
31.2206429857 121.434887473
31.2210799857 121.435601474
31.2212499858 121.436247475
31.2212969858 121.436704475
31.2213649858 121.437182475
31.2214869858 121.437772476
31.2217149858 121.438382477
31.2221529859 121.439111477
31.2225119859 121.439797478
31.2227079859 121.440347479
31.2228319859 121.440977479
31.2229149859 121.44152448
31.222979986 121.44205148
31.223072986 121.442637481
31.223187986 121.443157481
31.223339986 121.443746482
31.223489986 121.444232483
31.223731986 121.444922483
31.2239619861 121.445506484
31.2242919861 121.446374485
31.2246749861 121.447389486
31.2251049862 121.448529487
31.2255569862 121.449716488
31.2258199862 121.451144489
31.2258249863 121.452746491
31.2258469863 121.454379493
31.2258579864 121.455997494
31.2258769865 121.457639496
31.2258829865 121.459342498
31.2257569866 121.461197499
31.2258079866 121.462956501
31.2262679867 121.464667503
31.2269269867 121.466237504
31.2274669868 121.467514506
31.2279949868 121.468766507
31.2286069869 121.470246508
31.2294349869 121.47188451
31.2304099869 121.473426511
31.231211987 121.474946513
31.232036987 121.476524514
31.2327669871 121.478169516
31.2331549871 121.479871518
31.2330429872 121.481572519
31.2338699873 121.484836522
31.2341279873 121.485391523
31.2345399873 121.486146523
31.2349419874 121.486962524
31.2350679874 121.487162524
31.2350629874 121.487469525
31.2348749874 121.487662525
31.2343819874 121.488222525
31.2342849874 121.488331526
31.2339399874 121.488677526
31.2335479874 121.489117526
31.2325369875 121.490089527
31.2316699875 121.491027528
31.2306819875 121.492116529
31.2298249875 121.49314653
31.2287019876 121.494347531
31.2275869876 121.495351532
31.2254499877 121.497524534
31.2245649877 121.498414535
31.2238879877 121.499002535
#
31.2258749853 121.422999461
31.2265599853 121.423326461
31.2266579853 121.423267461
31.2269279853 121.423299461
31.2272069853 121.423316461
31.2273699853 121.423299461
31.2275119853 121.423299461
31.2276579853 121.423287461
31.2282619853 121.423211461
31.2296729853 121.423021461
31.2302679853 121.422977461
31.2303619853 121.422994461
31.2309119853 121.422974461
31.2310019853 121.423252462
31.2306419854 121.423972462
31.2303099854 121.424517463
31.2302979854 121.424799463
31.2307599854 121.425677464
31.2310249854 121.426381465
31.2311149854 121.426746465
31.2316879855 121.427636466
31.2320879855 121.428437467
31.2322829855 121.428884467
31.2324469855 121.429336468
31.2327129856 121.430254469
31.2325169856 121.43126147
31.2323799856 121.432099471
31.2323599856 121.432434471
31.2324469856 121.432641471
31.2325329856 121.432677471
31.2326099857 121.432899471
31.2327079857 121.432974471
31.2329449857 121.434004472
31.2329849857 121.434106473
31.2331249857 121.434579473
31.2331079857 121.434657473
31.2326879857 121.434941473
31.2325679857 121.435039474
31.2325379857 121.435281474
31.2329719858 121.436321475
31.2334919858 121.437441476
31.2339479858 121.438394477
31.2344569859 121.439607478
31.2349349859 121.440746479
31.2353029859 121.44181948
31.235661986 121.442871481
31.236196986 121.443926483
31.2366519861 121.445239484
31.2370299861 121.446322485
31.2373319861 121.447199486
31.2376879862 121.448204487
31.2379179862 121.448956488
31.2383419862 121.449716488
31.2387329862 121.450446489
31.2390349862 121.45105749
31.2390069863 121.45119949
31.2385649863 121.45150649
31.2379619863 121.45187749
31.2372129863 121.452366491
31.2368049863 121.452527491
31.2363099863 121.452707491
31.2360529863 121.452736491
31.2357129863 121.452836491
31.2352229863 121.452754491
31.2343819863 121.452856491
31.2335719863 121.452841491
31.2329079863 121.452897491
31.2326819863 121.452847491
31.2325949863 121.452531491
31.2325179863 121.452459491
31.2321979863 121.45141249
31.2321219863 121.45135449
#
