31.2440299851 121.414994453
31.243736985 121.414731453
31.243424985 121.414222452
31.242822985 121.413226451
31.241996985 121.41198645
31.2414819849 121.41140145
31.2411919849 121.411149449
31.2408199849 121.410809449
31.2401419849 121.410264448
31.2394369849 121.409757448
31.2387319849 121.409226447
31.2378099848 121.408579446
31.2366069848 121.407699446
31.2352149848 121.406762445
31.2336679847 121.406036444
31.2321079847 121.405611443
31.2305849847 121.405457443
31.2289729847 121.405844443
31.2273619848 121.406327444
31.2258319848 121.406261444
31.2243319847 121.406091444
31.2226969847 121.405961443
31.2210529847 121.405916443
31.2193469847 121.406102443
31.2177219848 121.406399444
31.2162279848 121.406941444
31.2149169848 121.407641445
31.2144319848 121.407707445
31.2143999848 121.407597445
31.2143999848 121.406564444
31.2144769847 121.405236442
31.2147349847 121.403792441
31.2147729846 121.403427441
31.2145429847 121.403457441
31.2137069846 121.40330444
31.2135179846 121.40328744
31.2134429846 121.40336444
31.2125869846 121.40302744
31.2125629846 121.40282244
31.2127469846 121.401626439
31.2129399845 121.400371437
31.2130819845 121.399234436
31.2132429845 121.398099435
31.2133969844 121.396827434
31.2135199844 121.396157433
31.2135629844 121.395887433
31.2135269844 121.395776432
31.2134079844 121.395702432
31.2131979844 121.395727432
31.2123779844 121.395941433
31.2114179844 121.395967433
31.2105919844 121.395932433
31.2103569844 121.395927433
31.2099929844 121.395856432
31.2092869844 121.395761432
31.2086519844 121.395601432
31.2085419844 121.395622432
31.2082599844 121.395592432
31.2077029844 121.395411432
31.2075799844 121.395361432
31.2072079844 121.395306432
31.2068249844 121.395284432
31.2066799844 121.395369432
31.2059769844 121.395176432
31.2054199844 121.395042431
#
