31.2320699872 121.48243252
31.2318819872 121.48211652
31.2315979872 121.481297519
31.2312469872 121.480537518
31.2307649871 121.479646517
31.2301569871 121.478386516
31.2297569871 121.477507515
31.229267987 121.476557514
31.228729987 121.475547513
31.228722987 121.475384513
31.228801987 121.475214513
31.229444987 121.474661512
31.229786987 121.474394512
31.229957987 121.474287512
31.230087987 121.474191512
31.230479987 121.473931512
31.230602987 121.473732512
31.230624987 121.473507511
31.2302799869 121.472814511
31.2297119869 121.47193251
31.2290169869 121.470826509
31.2286349868 121.469982508
31.2282379868 121.469052507
31.2276499868 121.467569506
31.2270149867 121.466032504
31.2267579867 121.464719503
31.2270429867 121.464091502
31.2281169866 121.463234501
31.2294149866 121.462746501
31.2296519866 121.462729501
31.2297879866 121.462722501
31.2313829866 121.462599501
31.2329869866 121.462414501
31.2344279866 121.4621795
31.2359519866 121.4619095
31.2376029866 121.4612765
31.2392249865 121.460319499
31.2409329865 121.459526498
31.2425929865 121.458831497
31.2440449865 121.458321497
31.2453769865 121.457942497
31.2457599865 121.457922497
31.2460149865 121.458002497
31.2464299865 121.458202497
31.2469929865 121.458669497
31.2471169865 121.458669497
31.2474079865 121.458516497
31.2475999865 121.458204497
31.2476379865 121.457732496
31.2476499864 121.456641495
31.2479979864 121.455286494
31.2480629863 121.454047493
31.2480399863 121.452844492
31.2481399863 121.452717492
31.2486229863 121.452691491
31.2487149863 121.452687491
31.2489719863 121.452701492
31.2490429863 121.452701492
31.2493969863 121.452549491
31.2494979863 121.452311491
31.2495919863 121.451996491
31.2497069863 121.45160149
31.2499199863 121.45105949
31.2501219862 121.450551489
31.2501479862 121.450467489
#
31.196901984 121.38409742
31.196884984 121.383999419
31.1966379839 121.383709419
31.1962029839 121.383649419
31.1959519839 121.383772419
31.195792984 121.383847419
31.195632984 121.383922419
31.195444984 121.384016419
31.195169984 121.38419642
31.195011984 121.38431242
31.194917984 121.38437642
31.194891984 121.38440242
31.194771984 121.38448642
31.194552984 121.38459242
31.194529984 121.38460742
31.194269984 121.38479742
31.193821984 121.385121421
31.193059984 121.385681421
31.192107984 121.386309422
31.1909069841 121.387004423
31.1896649841 121.387596423
31.1883529841 121.388057424
31.1871119841 121.388507424
31.1859699841 121.388959425
31.1849499841 121.389352425
31.1849029841 121.389461425
31.1849399842 121.389644425
31.1850229842 121.389726425
31.1851449842 121.389729425
31.1859449841 121.389449425
31.1869699841 121.389069425
31.1880329841 121.388697424
31.1884729841 121.388537424
31.1885819841 121.388536424
31.1886919841 121.388617424
31.1889669841 121.389416425
31.1892529842 121.390214426
31.1895919842 121.391151427
31.1899019842 121.392224428
31.1902129843 121.393151429
31.1902179843 121.393264429
31.1903779843 121.393366429
31.1904749843 121.393376429
31.1911479843 121.393079429
31.1920249843 121.392749429
31.1931329843 121.392474428
31.1937179843 121.392331428
31.1939669843 121.392294428
31.1942279842 121.392202428
31.1942899842 121.392191428
31.1943419842 121.392182428
31.1944949842 121.392052428
31.1945679842 121.392031428
31.1951019842 121.391902428
31.1954929842 121.391751428
31.1957219842 121.391621428
31.1957399842 121.391506427
31.1956949842 121.390966427
31.1955969842 121.390422426
31.1954829842 121.389827426
31.1955319842 121.389689426
31.1956699842 121.389592425
31.1960299842 121.389446425
31.1966799841 121.389239425
31.1970629841 121.389032425
31.1976499841 121.388826425
31.1984449841 121.388609424
31.1986699841 121.388619424
31.1989829841 121.388469424
31.1991179841 121.388321424
31.1990549841 121.387817424
31.1987819841 121.386831423
31.198046984 121.385611421
#
31.2682279853 121.422106461
31.2684229853 121.422207461
31.2689169853 121.422164461
31.2689679853 121.422164461
31.2695279853 121.422224461
31.2700569853 121.422431462
31.2705379853 121.422696462
31.2710699853 121.423002462
31.2715299854 121.423292462
31.2716899854 121.423427463
31.2717049854 121.423576463
31.2715879854 121.424119463
31.2716779854 121.424404464
31.2721219854 121.424487464
31.2725219854 121.424582464
31.2726129854 121.424581464
31.2725029854 121.424594464
31.2719279854 121.424429464
31.2715919854 121.424309464
31.2715769854 121.424231463
31.2716349854 121.423976463
31.2716579854 121.423856463
31.2717079854 121.423396463
31.2715519853 121.423232462
31.2707819853 121.422794462
31.2700449853 121.422381462
31.2691219853 121.422124461
31.2681979853 121.422219461
31.2673119853 121.422406461
31.2670229853 121.422364461
31.2669629853 121.422254461
31.2668129853 121.42138746
31.2666579853 121.420389459
31.2665169852 121.419526458
31.2664949852 121.418981458
31.2664829852 121.418426457
31.2663729852 121.418102457
31.2662129852 121.418009457
31.2651529852 121.417916457
31.2638169852 121.417814457
31.2623279852 121.417661456
31.2609049852 121.417512456
31.2596129851 121.417362456
31.2587369851 121.417267456
31.2585049851 121.417239456
31.2579379851 121.417182456
31.2570229851 121.417206456
31.2561519851 121.417334456
31.2553619851 121.417439456
31.2545919852 121.417626456
31.2537879852 121.418111457
31.2530279852 121.418626457
31.2524519852 121.419006458
31.2522719852 121.419116458
31.2517129852 121.419476458
31.2510579852 121.419866458
31.2503199852 121.420292459
31.2497569853 121.420654459
31.2489579853 121.42111146
31.2482849853 121.42152746
31.2477399853 121.42182946
31.2474919853 121.42187646
31.2473499853 121.42167646
31.2469629852 121.420597459
31.2467929852 121.420164459
31.2465279852 121.419679458
31.2461069852 121.418971457
31.2455779852 121.418096457
31.2449319851 121.416999455
31.2444479851 121.416086454
31.2442249851 121.415634454
31.2439369851 121.414941453
31.243871985 121.414694453
31.243391985 121.414054452
31.242837985 121.413211451
31.242246985 121.412347451
31.2415849849 121.41157145
31.2408329849 121.410852449
31.2399529849 121.410136448
31.2390399849 121.409481447
31.2379269848 121.408679447
31.2368529848 121.407816446
31.2356419848 121.406914445
31.2342349848 121.406137444
31.2332199847 121.405746443
31.2331479847 121.405659443
#
31.2956669886 121.530074565
31.2955719886 121.530026565
31.2954099886 121.530001565
31.2946849886 121.530239565
31.2942999886 121.530379565
31.2940019886 121.530276565
31.2931449887 121.530456565
31.2921129887 121.530786565
31.2911449887 121.530594565
31.2901949887 121.530546565
31.2895599887 121.530531565
31.2885079887 121.530669565
31.2878299887 121.530982566
31.2877669887 121.530976566
31.2877379887 121.530986566
31.2873929887 121.531241566
31.2872999887 121.531171566
31.2871829887 121.530701565
31.2870049886 121.529764564
31.2869629886 121.529649564
31.2867819886 121.529037564
31.2865199886 121.527461562
31.2862679885 121.526689562
31.2861979885 121.526639562
31.2861679885 121.526067561
31.2864269885 121.525976561
31.2874229885 121.525569561
31.2880849885 121.52502756
31.2887019885 121.52451456
31.2894579885 121.524011559
31.2901049885 121.523581559
31.2903849885 121.523466559
31.2904199885 121.523462559
31.2905149885 121.523406559
31.2905429885 121.523427559
31.2906099885 121.523381559
31.2906469885 121.523389559
31.2911999884 121.523186559
31.2918399884 121.522931558
31.2927599884 121.522592558
31.2935279884 121.522289558
31.2943819884 121.521924558
31.2947629884 121.521832558
31.2949919884 121.521799558
31.2951219884 121.521639557
31.2952649884 121.521412557
31.2952529884 121.521397557
31.2952779884 121.521507557
31.2954119884 121.521556557
31.2954649884 121.521564557
31.2955219884 121.521546557
31.2955819884 121.521557557
31.2958779884 121.521479557
31.2959229884 121.521364557
31.2957019884 121.520786557
31.2953869884 121.519999556
31.2948979883 121.518762555
31.2943999883 121.517576554
31.2941899883 121.516694553
31.2941369883 121.516352553
31.2938249882 121.515731552
31.2938599882 121.515581552
31.2936769882 121.515009551
31.2935129882 121.514482551
31.2932979882 121.514184551
31.2933369882 121.51405155
31.2932849882 121.51398455
31.2930879882 121.51325155
31.2930429882 121.51307955
31.2929799882 121.51304755
31.2927469881 121.512249549
31.2925929881 121.511534548
31.2925629881 121.510881548
31.2926899881 121.510052547
31.292987988 121.509151546
31.293311988 121.508329545
31.293531988 121.507747545
31.293836988 121.507044544
31.293824988 121.506906544
31.293381988 121.506559544
31.292717988 121.506222543
31.2920579879 121.505879543
31.2912899879 121.505446543
31.2901129879 121.504814542
31.2888199879 121.504151541
31.2882279879 121.503797541
31.2829229878 121.501004538
31.2823379878 121.501051538
31.2815019878 121.500417538
31.2812999878 121.500289538
31.2807329878 121.499972537
31.2797749878 121.499622537
31.2788269877 121.498881536
31.2776379877 121.497834535
31.2741899876 121.494371532
31.2733919876 121.493392531
31.2727169875 121.49248453
31.2722879875 121.49190753
31.2722199875 121.49173653
31.2715779875 121.491054529
31.2711599875 121.490504528
31.2703899875 121.489594527
31.2697749874 121.488899527
31.2693669874 121.488401526
31.2691229874 121.488064526
31.2684319874 121.487324525
31.2676829874 121.486809525
31.2670949874 121.486589525
#
