31.2319899875 121.490642528
31.2313529875 121.491394528
31.2303979875 121.492479529
31.2294849876 121.49354453
31.2287379876 121.494352531
31.2281849876 121.494902532
31.2274979876 121.495529532
31.2264229876 121.496492533
31.2254849877 121.497492534
31.2245569877 121.498446535
31.2241469877 121.498822535
31.2238729877 121.499217536
31.2233229877 121.499572536
31.2223269878 121.500074536
31.2213919878 121.500467537
31.2205999878 121.500729537
31.2196949878 121.500951537
31.2187819878 121.501237537
31.2182249878 121.501607538
31.2174629878 121.502129538
31.2163719878 121.502269538
31.2152979878 121.501804538
31.2132319877 121.499404535
31.2122649877 121.497991534
31.2115399876 121.496486533
31.2110229876 121.496104532
31.2098429876 121.496127532
31.2093719876 121.496536533
31.2090869877 121.497144533
31.2091729877 121.497887534
31.2095469877 121.498429535
31.2100629877 121.498664535
31.2107149877 121.498422535
31.2111169877 121.497861534
31.2111979877 121.497106533
31.2109479876 121.496409533
31.2104519876 121.495997532
31.2097549876 121.495957532
31.2091969876 121.496339533
31.2087079877 121.497324533
31.2082699877 121.498379534
31.2078119877 121.499684536
31.2073199878 121.501242537
31.2068329878 121.502669538
31.2058649879 121.505322541
31.2053769879 121.506686542
31.204841988 121.508109543
31.204376988 121.509602545
31.2040499881 121.511061546
31.2037119881 121.512551547
31.2033499882 121.514146549
31.2029779882 121.51577255
31.2025079883 121.517394552
31.2021219883 121.519191553
31.2018219883 121.520642555
31.2015819884 121.521702556
31.2012529884 121.523071557
31.2008529885 121.524566558
31.2004549885 121.52613256
31.2001329885 121.527796561
31.1998249886 121.529116562
31.1994669886 121.530856564
31.1993199887 121.532821566
31.1993069887 121.534684567
31.1995399888 121.536487569
31.1998569888 121.53829157
#
31.2067549892 121.552507583
31.2063619892 121.551929582
31.2060879892 121.551121582
31.2057669892 121.550109581
31.2053499891 121.54889658
31.2047779891 121.547697579
31.2042469891 121.546311578
31.203599989 121.544989576
31.203271989 121.544802576
31.203124989 121.544576576
31.202662989 121.543876575
31.202629989 121.543819575
31.202392989 121.542981575
31.2018519889 121.541911574
31.2012129889 121.540409572
31.2006749889 121.539089571
31.2002519888 121.53754257
31.1999149888 121.535996568
31.1997379887 121.534304567
31.1997619887 121.532602565
31.1999349886 121.531086564
31.2001999886 121.529466563
31.2005429886 121.527936561
31.2008319885 121.52658956
31.2010819885 121.525196559
31.2014369884 121.523687557
31.2017779884 121.522316556
31.2020679884 121.521186555
31.2024419883 121.519797554
31.2027419883 121.518314553
31.2029499882 121.517161552
31.2030599882 121.516574551
31.2031219882 121.516134551
31.2033479882 121.514784549
31.2034919882 121.514149549
31.2036229881 121.513606548
31.2037349881 121.513036548
31.2038499881 121.512577547
31.2040749881 121.511631547
31.2042069881 121.511064546
31.204389988 121.510192545
31.204579988 121.509409545
31.204822988 121.508562544
31.205194988 121.507559543
31.2055169879 121.506639542
31.2057469879 121.506101542
31.2059999879 121.505346541
31.2063749879 121.50429954
31.2068199878 121.503062539
31.2072629878 121.501849538
31.2076769878 121.500694537
31.2080999877 121.499544536
31.2085169877 121.498381534
31.2089519877 121.497204533
31.2094279876 121.496267532
31.2099869876 121.495997532
31.2102019876 121.495999532
31.2107979876 121.496332533
31.2111499877 121.497047533
31.2110929877 121.497752534
31.2107299877 121.498301534
31.2101969877 121.498537535
31.2096969877 121.498412534
31.2093279877 121.497917534
31.2092779877 121.497339533
31.2095119876 121.496724533
31.2099569876 121.496421533
31.2102779876 121.496374533
31.2106879876 121.496542533
31.2110529877 121.497036533
31.2111369877 121.497864534
31.2109149877 121.498369534
31.2102769877 121.498712535
31.2097499877 121.498602535
31.2093779877 121.498302534
31.2093079877 121.497327533
31.2099749876 121.495841532
31.2101349876 121.494831531
31.2097479876 121.49392953
31.2091519875 121.492726529
31.2087319875 121.492096529
31.2083149875 121.491501528
#
31.2147429874 121.488749526
31.2145949874 121.488941526
31.2146519874 121.489986527
31.2148219875 121.490862528
31.2148519875 121.491012528
31.2149929875 121.491779528
31.2148829875 121.492531529
31.2144249875 121.49298753
31.2134619876 121.49398453
31.2131669876 121.495569532
31.2127329876 121.496172532
31.2120519876 121.496426533
31.2104349876 121.496354533
31.2095729876 121.496491533
31.2091869877 121.496932533
31.2090549877 121.497599534
31.2092749877 121.498264534
31.2098229877 121.498661535
31.2100749877 121.498682535
31.2106849877 121.498424535
31.2111199877 121.497792534
31.2111619877 121.497019533
31.2108469876 121.496302533
31.2102119876 121.495929532
31.2095279876 121.496019532
31.2089629876 121.496616533
31.2083879877 121.498202534
31.2077129877 121.500067536
31.2070349878 121.501942538
31.2063069879 121.50392154
31.2055729879 121.505966541
31.204824988 121.507987543
31.204257988 121.509972545
31.2037699881 121.512111547
31.2033179882 121.514176549
31.2029169882 121.516099551
31.2024269883 121.518281553
31.2018799883 121.520754555
31.2012979884 121.523289557
31.2006869885 121.525932559
31.2000849886 121.528527562
31.1995519886 121.531101564
31.1993719887 121.533296566
31.1994019887 121.534902567
31.1995879888 121.536597569
31.1998849888 121.53812757
31.2001929889 121.539441571
31.2007549889 121.540984573
31.2013369889 121.542211574
31.201522989 121.542597574
31.201991989 121.543512575
31.202696989 121.544894576
31.2034449891 121.546312578
31.2042369891 121.547857579
31.2049969891 121.54946958
31.2054629892 121.550891582
31.2057279892 121.551866582
31.2057969892 121.552171583
31.2058129892 121.552222583
31.2058929892 121.552739583
31.2058679893 121.553766584
31.2058179893 121.554667585
31.2057029893 121.554849585
31.2056029893 121.554892585
31.2052599893 121.554911585
31.2049799893 121.554962585
31.2048049893 121.554989585
31.2045269893 121.555009585
31.2042169893 121.555072585
31.2038519893 121.555044585
31.2038019893 121.554961585
31.2036599893 121.554256584
31.2035179893 121.553494584
31.2034269892 121.553027583
31.2034169892 121.552967583
31.2033379892 121.552517583
31.2032369892 121.552077583
31.2029929892 121.551674582
31.2026919892 121.551216582
31.2024749892 121.550906582
31.2021529892 121.550334581
31.2019519892 121.54973958
31.2017069891 121.54898158
31.2014229891 121.548019579
31.2011619891 121.547232578
31.2009119891 121.546491578
31.200692989 121.545741577
31.200449989 121.545019576
31.200232989 121.544302576
31.200209989 121.543896575
31.200312989 121.543711575
31.200921989 121.543334575
31.201231989 121.543189575
#
31.1817329856 121.43241447
31.1821299856 121.431751469
31.1823769856 121.431007468
31.1826479855 121.429989467
31.1828079855 121.429332467
31.1829369855 121.429129466
31.1835279855 121.428507466
31.1842469855 121.427692465
31.1849429854 121.426879464
31.1856369854 121.426072463
31.1862949854 121.425286463
31.1869629854 121.424582462
31.1874199853 121.424109461
31.1876929853 121.423721461
31.1878269853 121.423716461
31.1891399854 121.424357462
31.1898469854 121.424744462
31.1904279854 121.425101462
31.1906629854 121.425194463
31.1906879854 121.425234463
31.1909799854 121.425291463
31.1912169854 121.425419463
31.1914819854 121.425587463
31.1915129854 121.425646463
31.1920299854 121.425936463
31.1925429854 121.426216464
31.1933119854 121.426632464
31.1938769854 121.426974464
31.1945629855 121.427396465
31.1954799855 121.427909465
31.1963819855 121.428424466
31.1971369855 121.428876466
31.1972369855 121.428886467
31.1972899855 121.428829466
31.1972779855 121.428756466
31.1968219855 121.428217466
31.1964879855 121.427726465
31.1964579855 121.427731465
31.1965119855 121.427812465
31.1968879855 121.428319466
31.1973869855 121.428946467
31.1980129855 121.429411467
31.1987319855 121.430014468
31.1992169856 121.430772468
31.1995579856 121.431274469
31.1994419856 121.431679469
31.1995649856 121.43188647
31.1999979856 121.43206647
31.2001929856 121.43220247
31.2003769856 121.43225247
31.2010529856 121.43204147
31.2011829856 121.43200147
31.2019099856 121.43183747
31.2028919856 121.431606469
31.2038969856 121.430954469
31.2045299856 121.430339468
31.2054719855 121.429744468
31.2061919855 121.429479467
31.2065129855 121.429354467
31.2070279855 121.429169467
31.2078849855 121.428864467
31.2088879855 121.428639467
31.2091929855 121.428581466
31.2098219855 121.428444466
31.2106629855 121.428371466
31.2113679855 121.428564466
31.2120419855 121.429004467
31.2126329855 121.429577468
31.2129579855 121.429749468
31.2130169855 121.429747468
31.2138269855 121.429337467
31.2147619855 121.428984467
31.2154819855 121.428726467
#
31.2199899849 121.41196445
31.2197969849 121.411499449
31.2196379849 121.411424449
31.2194099849 121.411494449
31.2188929849 121.411797449
31.218179985 121.41213945
31.217484985 121.41245945
31.217067985 121.41263745
31.216882985 121.41263245
31.216524985 121.41248645
31.215602985 121.41280645
31.214817985 121.41285945
31.214739985 121.41279745
31.214711985 121.41262745
31.2146969849 121.411601449
31.2145999849 121.410669448
31.2144219848 121.409234447
31.2143869848 121.408239446
31.2146279848 121.407994445
31.2157519848 121.407412445
31.2170719848 121.406909444
31.2181349848 121.406629444
31.2188999848 121.406321444
31.2191549846 121.40259644
31.2195819846 121.401372439
31.2198269846 121.400692438
31.2201179845 121.399549437
31.2202769845 121.399284436
31.2205069845 121.399362436
31.2206999845 121.399426436
31.2208399845 121.399402436
31.2208979845 121.399491437
31.2211019845 121.399836437
31.2214319845 121.399877437
31.2214499845 121.400019437
31.2214229845 121.400382438
31.2214679845 121.400452438
31.2219729846 121.400516438
31.2220069846 121.400516438
31.2221129846 121.400491438
31.2221999846 121.400489438
31.2222369845 121.400479438
31.2223319845 121.400356437
31.2222119845 121.399902437
31.2221269845 121.399431437
31.2220599845 121.398829436
31.2220699845 121.398176435
31.2219629845 121.397852435
31.2216319845 121.397934435
31.2213179845 121.398067435
31.2211669845 121.398339435
31.2210879845 121.399024436
31.2209679845 121.399379436
31.2208799845 121.399421436
31.2208229845 121.399407436
31.2205019845 121.399247436
31.2202899845 121.399202436
31.2202229845 121.399117436
31.2202669845 121.398179435
31.2203229844 121.397544434
31.2203179844 121.397459434
31.2202979844 121.397261434
31.2202719844 121.396964434
31.2201429844 121.395801433
31.2198219843 121.394292431
31.2200399843 121.392837429
31.2202149842 121.391241428
31.2201569842 121.389721426
31.2201429841 121.388952425
31.2201369841 121.388794425
31.2200669841 121.388502425
31.2198799841 121.388389425
31.2188679841 121.388399425
31.2177119841 121.388022424
31.2165729841 121.387561424
31.2160999841 121.387377424
#
31.2682279853 121.422106461
31.2684229853 121.422207461
31.2689169853 121.422164461
31.2689679853 121.422164461
31.2695279853 121.422224461
31.2700569853 121.422431462
31.2705379853 121.422696462
31.2710699853 121.423002462
31.2715299854 121.423292462
31.2716899854 121.423427463
31.2717049854 121.423576463
31.2715879854 121.424119463
31.2716779854 121.424404464
31.2721219854 121.424487464
31.2725219854 121.424582464
31.2726129854 121.424581464
31.2725029854 121.424594464
31.2719279854 121.424429464
31.2715919854 121.424309464
31.2715769854 121.424231463
31.2716349854 121.423976463
31.2716579854 121.423856463
31.2717079854 121.423396463
31.2715519853 121.423232462
31.2707819853 121.422794462
31.2700449853 121.422381462
31.2691219853 121.422124461
31.2681979853 121.422219461
31.2673119853 121.422406461
31.2670229853 121.422364461
31.2669629853 121.422254461
31.2668129853 121.42138746
31.2666579853 121.420389459
31.2665169852 121.419526458
31.2664949852 121.418981458
31.2664829852 121.418426457
31.2663729852 121.418102457
31.2662129852 121.418009457
31.2651529852 121.417916457
31.2638169852 121.417814457
31.2623279852 121.417661456
31.2609049852 121.417512456
31.2596129851 121.417362456
31.2587369851 121.417267456
31.2585049851 121.417239456
31.2579379851 121.417182456
31.2570229851 121.417206456
31.2561519851 121.417334456
31.2553619851 121.417439456
31.2545919852 121.417626456
31.2537879852 121.418111457
31.2530279852 121.418626457
31.2524519852 121.419006458
31.2522719852 121.419116458
31.2517129852 121.419476458
31.2510579852 121.419866458
31.2503199852 121.420292459
31.2497569853 121.420654459
31.2489579853 121.42111146
31.2482849853 121.42152746
31.2477399853 121.42182946
31.2474919853 121.42187646
31.2473499853 121.42167646
31.2469629852 121.420597459
31.2467929852 121.420164459
31.2465279852 121.419679458
31.2461069852 121.418971457
31.2455779852 121.418096457
31.2449319851 121.416999455
31.2444479851 121.416086454
31.2442249851 121.415634454
31.2439369851 121.414941453
31.243871985 121.414694453
31.243391985 121.414054452
31.242837985 121.413211451
31.242246985 121.412347451
31.2415849849 121.41157145
31.2408329849 121.410852449
31.2399529849 121.410136448
31.2390399849 121.409481447
31.2379269848 121.408679447
31.2368529848 121.407816446
31.2356419848 121.406914445
31.2342349848 121.406137444
31.2332199847 121.405746443
31.2331479847 121.405659443
#
31.2063499847 121.405079442
31.2068799847 121.405831443
31.2074029848 121.406571444
31.2075879848 121.406831444
31.2078299848 121.407169444
31.2080499848 121.407477445
31.2081569848 121.407626445
31.2083179848 121.407857445
31.2083619848 121.407914445
31.2084619848 121.408057445
31.2087729848 121.408501446
31.2091929848 121.409189446
31.2095669849 121.410087447
31.2097329849 121.410722448
31.2098049849 121.411096448
31.2098169849 121.411146449
31.2098529849 121.411301449
31.2099379849 121.411739449
31.2100119849 121.412087449
31.210129985 121.41267145
31.210234985 121.413157451
31.210287985 121.413421451
31.210417985 121.414037452
31.210527985 121.414562452
31.210647985 121.415114453
31.2107979851 121.415759453
31.2108919851 121.416249454
31.2110519851 121.416947455
31.2111549851 121.417459455
31.2111779851 121.417549455
31.2112969851 121.418056456
31.2114179852 121.418664456
31.2115149852 121.419112457
31.2116069852 121.419514457
31.2116779852 121.419829458
31.2117479852 121.420112458
31.2118019852 121.420411458
31.2118419852 121.420597458
31.2119499853 121.421071459
31.2119969853 121.421419459
31.2120169853 121.421702459
31.2120349853 121.42201146
31.2120449853 121.42221246
31.2120629853 121.42239946
31.2120769853 121.42263646
31.2121049853 121.422959461
31.2120849853 121.423222461
31.2121069853 121.423397461
31.2121399853 121.423547461
31.2121929853 121.423681462
31.2123169853 121.423962462
31.2125069854 121.424307462
31.2127969854 121.424757463
31.2131129854 121.425132463
31.2133349854 121.425351463
31.2135769854 121.425566463
31.2137829854 121.425641464
31.2140649854 121.425816464
31.2143449854 121.425957464
31.2146529854 121.426182464
31.2148719854 121.426399464
31.2150819854 121.426636465
31.2151999854 121.426796465
31.2153169855 121.426992465
31.2154829855 121.427251465
31.2156699855 121.427612466
31.2158499855 121.428006466
31.2160069855 121.428376466
31.2162399855 121.428819467
31.2164369855 121.429179467
31.2165929855 121.429404467
31.2168029855 121.429697468
31.2172149856 121.430132468
31.2175149856 121.430522469
31.2179119856 121.431046469
31.2180749856 121.431239469
31.2183119856 121.43153447
31.2184579856 121.43173447
31.2186379856 121.43200947
31.2189399856 121.432537471
31.2190569856 121.432746471
31.2191829856 121.432879471
31.2193799857 121.433259471
31.2198499857 121.433944472
31.2202869857 121.434494473
31.2206399857 121.434954473
31.2210999857 121.435846474
31.2212869858 121.436714475
31.2213449858 121.437314476
31.2215279858 121.438052476
31.2216219858 121.438271477
31.2217399858 121.438511477
31.2220619859 121.439037477
31.2224999859 121.439856478
31.2227949859 121.440872479
31.2228399859 121.44144748
31.222967986 121.442211481
31.223187986 121.443336482
31.223477986 121.444357483
31.2237529861 121.445106483
31.2241219861 121.446042484
31.2245379861 121.447067485
31.2249299861 121.448061486
31.2254499862 121.449387488
31.2258029862 121.450879489
31.2258049863 121.452341491
31.2258299863 121.454021492
31.2258429864 121.455831494
31.2258619865 121.457569496
31.2258679865 121.459237497
31.2257499866 121.461046499
31.2257429866 121.462696501
31.2261369867 121.464279502
31.2267579867 121.465891504
31.2272919868 121.467151505
31.2277819868 121.468346506
31.2283969868 121.469837508
31.2290449869 121.471324509
31.2297119869 121.47237651
31.2300869869 121.472949511
31.2301719869 121.473069511
31.2303219869 121.473347511
31.230426987 121.473552511
31.230476987 121.473656512
#
31.2203219859 121.44187148
31.219759986 121.442522481
31.219122986 121.442944481
31.218492986 121.443372482
31.217816986 121.443597482
31.217309986 121.443789482
31.217161986 121.443717482
31.216924986 121.443071481
31.216704986 121.442412481
31.2165019859 121.44184648
31.2163649859 121.44141448
31.2163119859 121.441206479
31.2162319859 121.440966479
31.2161599859 121.440472479
31.2160769859 121.440017478
31.2159879859 121.439546478
31.2158149858 121.438779477
31.2156199858 121.437964476
31.2155079858 121.437454476
31.2154499858 121.437202475
31.2152529858 121.436411475
31.2151119857 121.435801474
31.2149999857 121.435307473
31.2150429857 121.435072473
31.2152269857 121.434656473
31.2153619857 121.434646473
31.2159579857 121.434779473
31.2160819857 121.434779473
31.2162519857 121.434679473
31.2165679857 121.434416473
31.2170419857 121.434061472
31.2178699857 121.433687472
31.2185479857 121.433382472
31.2188649857 121.433204471
31.2196619856 121.432811471
31.2200379856 121.432571471
31.2204279856 121.432357471
31.2211429856 121.43205747
31.2220249856 121.43174447
31.2222769856 121.43164247
31.2225979856 121.43153647
31.2227269856 121.43144447
31.2227399856 121.43133447
31.2225229856 121.430556469
31.2222869855 121.429762468
31.2219769855 121.428601467
31.2217519855 121.427662466
31.2218529855 121.427507466
31.2220179855 121.427314465
31.2219169855 121.426899465
31.2218899854 121.426834465
31.2221419855 121.427279465
31.2220219855 121.427444466
31.2218419855 121.427559466
31.2217319855 121.427554466
31.2215169855 121.426931465
31.2213969854 121.426519465
31.2214699854 121.426422465
31.2223069854 121.426082464
31.2234579854 121.425647464
31.2244399854 121.425027463
31.2252199854 121.424154462
31.2258429853 121.423464462
31.2259179853 121.423372462
31.2260799853 121.423277461
31.2263199853 121.423281461
31.2271299853 121.423301461
31.2280399853 121.423261461
31.2288369853 121.423184461
31.2298149853 121.423086461
31.2305869853 121.422991461
#
31.2699829878 121.502019539
31.2700279878 121.502002539
31.2701819878 121.502021539
31.2703269878 121.502007539
31.2705129878 121.502002539
31.2705949878 121.501984539
31.2709069878 121.502067539
31.2709569878 121.502064539
31.2711729878 121.502082539
31.2716299878 121.502014539
31.2716999878 121.502061539
31.2719129878 121.502139539
31.2724029878 121.502014539
31.2726129878 121.502189539
31.2729419878 121.50251654
31.2734669879 121.50296254
31.2743899879 121.504342541
31.2744499879 121.504371541
31.2748929879 121.505389542
31.275281988 121.506397543
31.275589988 121.507516544
31.275622988 121.507799544
31.275752988 121.508721545
31.275866988 121.509549546
31.2760179881 121.510172547
31.2762799881 121.511099547
31.2764769881 121.511932548
31.2766899881 121.512536549
31.2766999881 121.512754549
31.2767619882 121.513032549
31.2769519882 121.51383955
31.2769929882 121.51410155
31.2770069882 121.51427655
31.2770749882 121.514482551
31.2771449882 121.514799551
31.2772869882 121.515289551
31.2775099882 121.516081552
31.2777099883 121.516842553
31.2778629883 121.517441553
31.2779029883 121.517587553
31.2781269883 121.518319554
31.2783719883 121.519037555
31.2786219883 121.519697555
31.2786729883 121.519814555
31.2786179884 121.520027556
31.2779349884 121.520389556
31.2772899884 121.520711556
31.2766979884 121.521041556
31.2759519884 121.521429557
31.2757069884 121.521522557
31.2755379884 121.521212557
31.2748519883 121.519964555
31.2743719883 121.519049555
31.2741999883 121.518717554
31.2738119883 121.518004554
31.2734499883 121.517347553
31.2732649883 121.516954553
31.2731099883 121.516719553
31.2727469882 121.516009552
31.2722219882 121.515051551
31.2717249882 121.51432655
31.2710749882 121.51351955
31.2703599881 121.512832549
31.2699549881 121.512471549
31.2696379881 121.512121548
31.2694129881 121.511956548
31.2691399881 121.511987548
31.2690819881 121.512046548
31.2687069881 121.512347548
31.2681949881 121.512797549
31.2678579881 121.513097549
31.2676199882 121.513357549
31.2668769882 121.51403955
31.2666779882 121.51417455
31.2666149882 121.51415955
31.2662449882 121.513494549
31.2659169881 121.512619549
31.2658779881 121.512519549
31.2652899881 121.511464548
31.2645869881 121.510522547
31.2640899881 121.509987546
31.263489988 121.509221546
31.263019988 121.508674545
31.262999988 121.508626545
31.262537988 121.508304545
31.261914988 121.507271544
#
31.199839987 121.473866511
31.199709987 121.473891511
31.199689987 121.473841511
31.1996979869 121.473752511
31.1999279869 121.473571511
31.1999579869 121.473451511
31.1994569869 121.472112509
31.1990579869 121.471617509
31.1979579868 121.469029506
31.1978819868 121.468774506
31.1974099867 121.466696504
31.1973319867 121.466482504
31.1971679867 121.465901503
31.1966379867 121.464817502
31.1962179866 121.464087502
31.1957069866 121.463256501
31.1950979866 121.4623475
31.1950669866 121.4622745
31.1950699866 121.4622325
31.1942529865 121.460941498
31.1940099865 121.460451498
31.1936529865 121.459996497
31.1931019865 121.459329497
31.1926399865 121.458711496
31.1922049865 121.458032496
31.1917599864 121.457327495
31.1912399864 121.456542494
31.1909099864 121.456071494
31.1906049864 121.455486493
31.1902699864 121.454946492
31.1899499863 121.454407492
31.1894819863 121.453676491
31.1890919863 121.45279749
31.1888319863 121.451724489
31.1886699862 121.451162489
31.1883979862 121.450202488
31.1881379862 121.449081487
31.1879229861 121.448244486
31.1876269861 121.447249485
31.1870619861 121.446032484
31.186482986 121.445162483
31.186159986 121.444717482
31.185632986 121.444112482
31.185144986 121.443474481
31.184866986 121.443146481
31.1843099859 121.44246648
31.1836479859 121.441669479
31.1829649859 121.440899478
31.1821649859 121.439789477
31.1814469858 121.438764476
31.1809149858 121.438059475
31.1803699858 121.437399475
31.1800049857 121.436317474
31.1804599857 121.433614471
31.1807969856 121.43268947
31.1811119856 121.431744469
31.1815119856 121.430596468
31.1822229855 121.429084466
31.1829499855 121.427561465
31.1834199854 121.425884463
31.1838399853 121.424039461
31.1843169853 121.422182459
31.1854599852 121.420594458
31.1883949852 121.418612456
31.1895169851 121.417757455
31.1901999851 121.417386455
31.1908079851 121.416792454
31.1916829851 121.416227453
31.1919849851 121.416054453
31.1924219851 121.415767453
31.1927699851 121.415552453
31.193162985 121.415267452
31.193874985 121.414749452
31.194506985 121.414271451
31.195062985 121.413836451
31.195697985 121.41335245
31.196396985 121.41283245
31.1973549849 121.412096449
31.1981549849 121.411507449
31.1987649849 121.411031448
31.1992829849 121.410619448
31.1997379849 121.410181447
31.2003279849 121.409784447
31.2008819848 121.409407446
31.2013869848 121.409136446
31.2024729848 121.408557446
31.2039149848 121.407912445
31.2050779848 121.407882445
31.2054799848 121.407716445
31.2055199848 121.407747445
31.2059979848 121.407672445
31.2060849848 121.407677445
31.2063519848 121.407659445
31.2064169848 121.407601445
31.2062999848 121.407422445
31.2064869848 121.407429445
31.2065419848 121.406631444
#
31.2374449851 121.416156454
31.2379819851 121.417201455
31.2385379852 121.418424457
31.2388119852 121.418967457
31.2389349852 121.419179458
31.2392849852 121.419707458
31.2392979852 121.419931458
31.2391949852 121.420151459
31.2385529853 121.420971459
31.2376969853 121.42206746
31.2370799853 121.422852461
31.2370119853 121.422922461
31.2367379853 121.423324462
31.2363179854 121.424026462
31.2354019854 121.425119464
31.2348679854 121.426327465
31.2342049855 121.427467466
31.2336669855 121.427819466
31.2336879855 121.427819466
31.2335169855 121.427902466
31.2334999855 121.428014466
31.2336769855 121.428479467
31.2341349855 121.428731467
31.2345579855 121.429179468
31.2349029855 121.429592468
31.2352069856 121.429957468
31.2353979856 121.430114469
31.2356649856 121.430494469
31.2359669856 121.430929469
31.2363549856 121.43147947
31.2364979856 121.43174447
31.2367149856 121.432154471
31.2370779857 121.432899471
31.2373579857 121.433582472
31.2376499857 121.434202473
31.2377049857 121.434442473
31.2378829857 121.435371474
31.2382079858 121.436454475
31.2383949858 121.436934476
31.2385699858 121.437521476
31.2389199858 121.438534477
31.2391149859 121.439226478
31.2390899859 121.439254478
31.2393129859 121.439754478
31.2396399859 121.440422479
31.2397069859 121.440646479
31.2399599859 121.44111748
31.2402429859 121.44167648
31.2402449859 121.44167948
31.240356986 121.441832481
31.240404986 121.441836481
31.2410049859 121.44136448
31.2416099859 121.440754479
31.2421829859 121.440119479
31.2422649859 121.439852479
31.2421229859 121.439931479
31.2420529859 121.440077479
31.2416219859 121.440637479
31.2409379859 121.44132248
31.2404219859 121.44174248
31.2404099859 121.44177948
31.239839986 121.442234481
31.239027986 121.442884482
31.238276986 121.443501482
31.237711986 121.444037483
31.237252986 121.444452483
31.237059986 121.444612483
31.2367079861 121.445009484
31.2361349861 121.445671484
31.2355879861 121.446351485
31.2350149861 121.446794485
31.2349179861 121.446877485
31.2344429861 121.447244486
31.2339079861 121.447522486
31.2333269861 121.447837486
31.2327779862 121.448131487
31.2322219862 121.448384487
31.2315449862 121.448656487
31.2315119862 121.448762487
31.2315129862 121.448886487
31.2317919862 121.449661488
31.2320399862 121.450324489
31.2321249862 121.450354489
31.2322049862 121.450829489
31.2324699863 121.45166249
31.2324329863 121.45193649
31.2320299863 121.452221491
31.2319479863 121.452264491
31.2318019863 121.452367491
31.2312749863 121.452636491
31.2308449863 121.453027491
#
31.2410299843 121.392049429
31.2411419843 121.392056429
31.2419819843 121.392132429
31.2429779843 121.392221429
31.2434699843 121.39235443
31.2434819843 121.39247743
31.2433679843 121.393369431
31.2433879843 121.393992431
31.2433979843 121.394456432
31.2434019844 121.395257433
31.2434349844 121.396159434
31.2434619844 121.396977434
31.2434999845 121.397541435
31.2435699845 121.397951435
31.2435219845 121.398061436
31.2430599845 121.398382436
31.2429449845 121.398477436
31.2424919845 121.398994437
31.2421529845 121.399456437
31.2419619845 121.399704437
31.2418219845 121.399909437
31.2417479845 121.400016438
31.2416929845 121.400141438
31.2415399846 121.400354438
31.2413069846 121.400716438
31.2410979846 121.400994439
31.2410679846 121.401026439
31.2408679846 121.401324439
31.2407499846 121.401479439
31.2407549846 121.401534439
31.2405449846 121.401774439
31.2405979846 121.401792439
31.2406369846 121.401731439
31.2409969846 121.401199439
31.2414029846 121.400586438
31.2417699845 121.400066438
31.2421279845 121.399541437
31.2424749845 121.399046437
31.2426299845 121.398814436
31.2429629845 121.398452436
31.2433149845 121.398152436
31.2433879845 121.398092436
31.2435599845 121.398056436
31.2436079845 121.398109436
31.2438149845 121.398814436
31.2440969845 121.399676437
31.2443449846 121.400649438
31.2445579846 121.401501439
31.2445579846 121.40225244
31.2444579846 121.402867441
31.2444529846 121.402949441
31.2445019846 121.402912441
31.2445779846 121.40223744
31.2444529846 121.401112439
31.2443469846 121.400501438
31.2443319846 121.400421438
31.2440849845 121.399554437
31.2438049845 121.398529436
31.2437149845 121.398112436
31.2437799845 121.398029436
31.2443729845 121.397857435
31.2451379845 121.397789435
31.2459169845 121.397749435
#
