31.1825299849 121.409704446
31.1826199848 121.409536446
31.1826379848 121.409379446
31.1826579848 121.408801445
31.1826599848 121.408794445
31.1827479848 121.408892446
31.1827379848 121.409132446
31.1826949848 121.409576446
31.1823449849 121.409707446
31.1816819849 121.409856447
31.1806549849 121.409944447
31.1798029849 121.410221447
31.1788749849 121.410609447
31.1778249849 121.410971448
31.1770079849 121.411247448
31.1765549849 121.411472448
31.1759129849 121.411621448
31.1750449849 121.412009449
31.1742399849 121.412324449
31.1737069849 121.412537449
31.173019985 121.412764449
31.172516985 121.41303145
31.172419985 121.41314145
31.172454985 121.41336145
31.172629985 121.41381945
31.172799985 121.414612451
31.172902985 121.415496452
31.1729519851 121.415796452
31.1729649851 121.415836453
31.1729449851 121.415881453
31.1731069851 121.416592453
31.1733499851 121.417444454
31.1736229851 121.418129455
31.1738049852 121.418712456
31.1737449852 121.419639456
31.1739019852 121.420014457
31.1742519852 121.420606457
31.1745469852 121.421277458
31.1747569853 121.421877459
31.1749029853 121.422422459
31.1751529853 121.42317246
31.1753369853 121.424057461
31.1755349854 121.424642462
31.1756869854 121.424752462
31.1759419854 121.425359462
31.1761529854 121.425956463
31.1761999854 121.426071463
31.1762769854 121.426247463
31.1764999854 121.426992464
31.1766569855 121.428041465
31.1767769855 121.429359467
31.1765869856 121.430631468
31.1766879856 121.431027468
31.1767699856 121.431036468
31.1769069856 121.431031468
31.1769799856 121.431031468
31.1778819856 121.431369469
31.1789669856 121.431596469
31.1793369856 121.431631469
31.1794279856 121.431756469
31.1796679856 121.431646469
31.1799449856 121.431642469
31.1800399856 121.431612469
31.1812699856 121.431612469
31.1827279856 121.431624469
31.1842119856 121.431901469
31.1849729856 121.432037469
31.1850919856 121.432012469
31.1862729856 121.43216247
31.1869269856 121.43229147
31.1869699856 121.43227947
31.1869879856 121.43223147
31.1874799856 121.43233247
31.1884769856 121.43238247
31.1894369856 121.43251247
31.1898069856 121.43258647
31.1898849856 121.43257147
31.1901179856 121.43274947
31.1904079856 121.43283447
31.1904449856 121.43280747
31.1906979856 121.43284247
31.1908879856 121.433026471
31.1912069857 121.433332471
31.1909979857 121.433836471
31.1912499857 121.434602472
31.1912969857 121.434647472
31.1912999857 121.434877472
31.1913169857 121.434934473
31.1915899857 121.435909474
31.1917069858 121.436324474
31.1916669858 121.436541474
31.1918549858 121.437124475
31.1919099858 121.437201475
31.1917919858 121.437789475
31.1919949858 121.438319476
31.1920069858 121.438521476
31.1924279859 121.439629477
31.1926469859 121.440446478
31.1926669859 121.440479478
31.1926979859 121.440577478
31.1927069859 121.440634478
31.1929419859 121.440997479
31.1929499859 121.441036479
31.1930779859 121.441562479
31.1931649859 121.44192948
#
31.2342619869 121.471209509
31.2340229869 121.471367509
31.2336569869 121.47160651
31.2329999869 121.47204251
31.2322829869 121.472564511
31.2314879869 121.473069511
31.230804987 121.473484511
31.230624987 121.473442511
31.2305119869 121.473326511
31.2300919869 121.47256251
31.2294719869 121.47163751
31.2288979869 121.470711509
31.2283419868 121.469562508
31.2277769868 121.468224506
31.2271219867 121.466576505
31.2262279867 121.464452503
31.2257669866 121.462596501
31.2257399866 121.4615575
31.2257649866 121.461122499
31.2257899866 121.460764499
31.2258079865 121.460506499
31.2258129865 121.460131498
31.2258419865 121.459767498
31.2258499865 121.459574498
31.2258619865 121.459147497
31.2258579865 121.458472497
31.2258529865 121.458024496
31.2258479864 121.457507496
31.2258429864 121.456631495
31.2258329864 121.456211494
31.2258329864 121.455939494
31.2258299864 121.455619494
31.2258199864 121.454899493
31.2258129863 121.454226493
31.2258049863 121.453344492
31.2257969863 121.452654491
31.2257899863 121.45185749
31.2257379862 121.450666489
31.2256179862 121.450041488
31.2254469862 121.449491488
31.2252829862 121.449056487
31.2250419862 121.448424487
31.2248499861 121.447929486
31.2247999861 121.447801486
31.2245879861 121.447256486
31.2243949861 121.446761485
31.2243269861 121.446571485
31.2239469861 121.445579484
31.2238499861 121.445317484
31.2237919861 121.445161483
31.223749986 121.445062483
31.223542986 121.444501483
31.223277986 121.443662482
31.223171986 121.443232482
31.223021986 121.442484481
31.2229329859 121.44189448
31.2229099859 121.44167248
31.2228879859 121.44151948
31.2228769859 121.44144148
31.2227999859 121.440919479
31.2226899859 121.440401479
31.2226249859 121.440166478
31.2225119859 121.439831478
31.2224999859 121.439802478
31.2224299859 121.439644478
31.2222299859 121.439272478
31.2220579859 121.438991477
31.2219629858 121.438846477
31.2217969858 121.438574477
31.2216749858 121.438366477
31.2216419858 121.438296477
31.2215149858 121.438002476
31.2214419858 121.437791476
31.2213949858 121.437596476
31.2213499858 121.437349476
31.2212969858 121.437012475
31.2212479858 121.436632475
31.2211899858 121.436272475
31.2211069858 121.435951474
31.2210119857 121.435662474
31.2208469857 121.435264474
31.2206299857 121.434894473
31.2204999857 121.434737473
31.2203619857 121.434572473
31.2202919857 121.434497473
31.2202369857 121.434437473
31.2201469857 121.434334473
31.2199619857 121.434122472
31.2197679857 121.433887472
31.2196429857 121.433712472
31.2194199857 121.433379472
31.2191029856 121.432796471
31.2189619856 121.432486471
31.2188699856 121.43228447
31.2187399856 121.43209647
31.2186129856 121.43189247
31.2183519856 121.43146947
31.2180279856 121.431004469
31.2178199856 121.430711469
31.2173879856 121.430169468
31.2171669855 121.429929468
31.2169369855 121.429669468
31.2167329855 121.429444468
31.2165749855 121.429222467
31.2164049855 121.428962467
31.2162599855 121.428686467
31.2161249855 121.428394466
31.2160069855 121.428154466
31.2159349855 121.427972466
31.2158299855 121.427722466
31.2157229855 121.427489465
31.2156069855 121.427251465
31.2155029855 121.427061465
31.2153519854 121.426812465
31.2151399854 121.426542465
31.2149849854 121.426377464
31.2147819854 121.426189464
31.2145869854 121.426034464
31.2143719854 121.425874464
31.2141219854 121.425704464
31.2138619854 121.425552463
31.2136129854 121.425397463
31.2132519854 121.425107463
31.2125769854 121.424217462
31.2123199853 121.423577461
31.2122199853 121.423114461
31.2121669853 121.422707461
31.2121529853 121.42224246
31.2121249853 121.42180246
31.2121019853 121.421462459
31.2120399852 121.420991459
31.2119649852 121.420627458
31.2118619852 121.420097458
31.2117069852 121.419511457
31.2116099852 121.419126457
31.2115099852 121.418707456
31.2113819852 121.418174456
31.2113069851 121.417849456
31.2112119851 121.417442455
31.2111019851 121.416949455
31.2109379851 121.416146454
31.2107369851 121.415196453
31.210596985 121.414482452
31.210387985 121.413459451
31.210219985 121.41257445
31.2101069849 121.41210245
31.2100869849 121.411999449
31.2100069849 121.411599449
31.2098699849 121.410939448
31.2097929849 121.410591448
31.2096929849 121.410204448
31.2095469849 121.409791447
31.2091999848 121.409009446
31.2090119848 121.408697446
31.2089149848 121.408561446
31.2087279848 121.408286446
31.2084629848 121.407906445
31.2081849848 121.407516445
31.2078579848 121.407066444
31.2076529848 121.406782444
31.2075369848 121.406619444
31.2073129847 121.406316443
31.2070829847 121.405977443
31.2067519847 121.405511443
31.2063999847 121.405026442
31.2059749847 121.404434441
31.2054569847 121.403727441
31.2047949846 121.40276744
31.2041199846 121.401682438
31.2035749845 121.400521437
31.2032399845 121.399369436
31.2030199845 121.398479435
31.2027079844 121.397286434
31.2023449844 121.395859432
31.2019729843 121.394419431
31.2016179843 121.393079429
31.2011769842 121.391866428
31.2004749842 121.390482426
31.1997669841 121.389237425
31.1989679841 121.387707423
31.198079984 121.386214422
31.197349984 121.384997421
31.196894984 121.38421142
#
31.2189899867 121.467027505
31.2183249867 121.466612504
31.2173069867 121.466156504
31.2161449867 121.465754504
31.2151649867 121.465756504
31.2142069867 121.466234504
31.2133679867 121.466679504
31.2132629867 121.466729504
31.2131319867 121.466869505
31.2131019867 121.466906505
31.2128129867 121.467016505
31.2128079867 121.467071505
31.2126849867 121.467167505
31.2125049868 121.467319505
31.2122719868 121.467576505
31.2121569868 121.467624505
31.2121449868 121.467642505
31.2115299868 121.467921506
31.2112069868 121.468104506
31.2110719868 121.468061506
31.2110099868 121.468076506
31.2109649868 121.468026506
31.2107869868 121.468052506
31.2106619868 121.468131506
31.2106829868 121.468097506
31.2108099868 121.468126506
31.2108719868 121.468122506
31.2107719868 121.468212506
31.2102179868 121.468464506
31.2100929868 121.468434506
31.2094369868 121.468661506
31.2089449868 121.468837506
31.2089399868 121.468802506
31.2089079868 121.468809506
31.2088719868 121.468876506
31.2089629868 121.469086507
31.2080929868 121.469394507
31.2068969868 121.469581507
31.2061519868 121.469902507
31.2055769868 121.470157508
31.2049479868 121.470261508
31.2049169868 121.470299508
31.2047069868 121.469427507
31.2043919868 121.468206506
31.2043219868 121.467812505
31.2042899868 121.467674505
31.2041249867 121.467056505
31.2040149867 121.466737504
31.2040049867 121.466639504
31.2038899867 121.466104504
31.2037569867 121.465634503
31.2037079867 121.465389503
31.2035269867 121.464747502
31.2033929867 121.464322502
31.2033979867 121.464284502
31.2033019866 121.464082502
31.2030779866 121.463577501
31.2029049866 121.463432501
31.2019679866 121.463607501
31.2011069866 121.463801501
31.2002179866 121.464147502
31.1993879867 121.464461502
31.1988019867 121.464761502
31.1985229867 121.464926502
31.1983699867 121.465007502
31.1977369867 121.465089503
#
31.2885699865 121.457344497
31.2885829865 121.457119497
31.2884719865 121.457081497
31.2879649865 121.457144497
31.2876929865 121.458129498
31.2875949865 121.458354498
31.2874079865 121.458344498
31.2871099865 121.458437498
31.2870249865 121.458577498
31.2870699865 121.458797498
31.2873619865 121.459647499
31.2875579866 121.4602525
31.2877269866 121.4607795
31.2878979866 121.461332501
31.2882749866 121.462509502
31.2886869867 121.463672503
31.2889499867 121.464706504
31.2891149867 121.465484505
31.2891079867 121.465709505
31.2888799867 121.465776505
31.2878999867 121.465649505
31.2869899867 121.465497505
31.2861019867 121.465354505
31.2857249867 121.465287505
31.2854679867 121.465252505
31.2850019867 121.465124504
31.2836399867 121.464922504
31.2821919867 121.464674504
31.2816129867 121.464924504
31.2811229868 121.466491506
31.2806799868 121.467824507
31.2803329868 121.468797508
31.2800529868 121.469584509
31.2798179869 121.470167509
31.2794549869 121.47083651
31.2789649869 121.471677511
31.2785519869 121.472321511
31.2781929869 121.472857512
31.277759987 121.473629512
31.277389987 121.474554513
31.277084987 121.475342514
31.277027987 121.475539514
31.276924987 121.475614514
31.275924987 121.475179514
31.274527987 121.474869514
31.273329987 121.474881514
31.272382987 121.475006514
31.271784987 121.475146514
31.271632987 121.475211514
31.271416987 121.475472514
31.2708929871 121.476421515
31.2704619871 121.477394516
31.2702319871 121.477677516
31.2693849871 121.477891516
31.2685019871 121.477819516
31.2676749871 121.477591516
31.2670699871 121.477462516
31.2669379871 121.477539516
31.2668719871 121.477674516
31.2667599871 121.477926516
31.2666779871 121.478274517
31.2666269871 121.478686517
31.2664579871 121.479041517
31.2645919871 121.479446518
31.2636229871 121.479416518
31.2629299871 121.479384518
31.2621029871 121.479017517
31.2609029871 121.478714517
31.2598799871 121.478369517
31.2589929871 121.478599517
31.2578479871 121.478884517
31.2567849871 121.478966517
31.2566049871 121.479029517
31.2564569871 121.479091517
31.2557719871 121.479361517
31.2550249871 121.479582518
31.2544229872 121.479741518
31.2542729872 121.479797518
31.2541169872 121.479974518
31.2537629872 121.479964518
31.2536119872 121.479864518
31.2534479871 121.479356517
31.2530629871 121.478359516
31.2528569871 121.477579516
31.2527529871 121.476951515
31.2525869871 121.476569515
31.252241987 121.475982514
31.251946987 121.475522514
31.251769987 121.475547514
31.251641987 121.475281514
31.251711987 121.475159513
#
31.2440299851 121.414994453
31.243736985 121.414731453
31.243424985 121.414222452
31.242822985 121.413226451
31.241996985 121.41198645
31.2414819849 121.41140145
31.2411919849 121.411149449
31.2408199849 121.410809449
31.2401419849 121.410264448
31.2394369849 121.409757448
31.2387319849 121.409226447
31.2378099848 121.408579446
31.2366069848 121.407699446
31.2352149848 121.406762445
31.2336679847 121.406036444
31.2321079847 121.405611443
31.2305849847 121.405457443
31.2289729847 121.405844443
31.2273619848 121.406327444
31.2258319848 121.406261444
31.2243319847 121.406091444
31.2226969847 121.405961443
31.2210529847 121.405916443
31.2193469847 121.406102443
31.2177219848 121.406399444
31.2162279848 121.406941444
31.2149169848 121.407641445
31.2144319848 121.407707445
31.2143999848 121.407597445
31.2143999848 121.406564444
31.2144769847 121.405236442
31.2147349847 121.403792441
31.2147729846 121.403427441
31.2145429847 121.403457441
31.2137069846 121.40330444
31.2135179846 121.40328744
31.2134429846 121.40336444
31.2125869846 121.40302744
31.2125629846 121.40282244
31.2127469846 121.401626439
31.2129399845 121.400371437
31.2130819845 121.399234436
31.2132429845 121.398099435
31.2133969844 121.396827434
31.2135199844 121.396157433
31.2135629844 121.395887433
31.2135269844 121.395776432
31.2134079844 121.395702432
31.2131979844 121.395727432
31.2123779844 121.395941433
31.2114179844 121.395967433
31.2105919844 121.395932433
31.2103569844 121.395927433
31.2099929844 121.395856432
31.2092869844 121.395761432
31.2086519844 121.395601432
31.2085419844 121.395622432
31.2082599844 121.395592432
31.2077029844 121.395411432
31.2075799844 121.395361432
31.2072079844 121.395306432
31.2068249844 121.395284432
31.2066799844 121.395369432
31.2059769844 121.395176432
31.2054199844 121.395042431
#
