31.2772479882 121.514509551
31.2773879882 121.515076551
31.2774869882 121.515744552
31.2778199883 121.516724553
31.2781479883 121.517939554
31.2783719883 121.518784554
31.2787479883 121.519779555
31.2789999884 121.520364556
31.2795819884 121.521384557
31.2798969884 121.521537557
31.2804099884 121.521251557
31.2811579884 121.520716556
31.2820149884 121.520366556
31.2831619884 121.520009556
31.2843199883 121.519569555
31.2847419883 121.519426555
31.2851279883 121.519209555
31.2851599883 121.519234555
31.2856849883 121.518971555
31.2857319883 121.518602554
31.2856999883 121.518587554
31.2857029883 121.518592554
31.2856969883 121.518529554
31.2855699883 121.518041554
31.2854649883 121.517547554
31.2853529883 121.517282553
31.2852899883 121.517027553
31.2851699883 121.516916553
31.2851249883 121.516679553
31.2851249883 121.516462553
31.2848369882 121.515796552
31.2847429882 121.515494552
31.2846769882 121.515412552
31.2846519882 121.515187551
31.2847879882 121.515046551
31.2850799882 121.514867551
31.2851619882 121.514887551
31.2858079882 121.514641551
31.2863069882 121.514449551
31.2863199882 121.514387551
31.2865849882 121.514217551
31.2866069882 121.51414255
31.2866699882 121.51411955
31.2867049882 121.51405255
31.2867849882 121.51403955
31.2868099882 121.51392755
31.2871499882 121.51389955
31.2872819882 121.51401655
31.2873329882 121.51416455
31.2873269882 121.514307551
31.2873919882 121.514339551
31.2874149882 121.514299551
31.2874279882 121.514209551
31.2872169882 121.51325655
31.2868829881 121.511927548
31.2866249881 121.510696547
31.2865499881 121.510179547
31.2866129881 121.510109547
31.2866649881 121.510109547
31.2867169881 121.510116547
31.2868369881 121.510249547
31.2868329881 121.510302547
31.2877719881 121.510694547
31.2878519881 121.510814547
31.2878879881 121.511524548
31.2881919881 121.512447549
31.2888349882 121.514506551
31.2891999882 121.515604552
31.2894029882 121.516227552
#
31.1884069848 121.408181445
31.1885919848 121.408619445
31.1887899848 121.409306446
31.1890849849 121.410344447
31.1895419849 121.411667449
31.189831985 121.41279245
31.190167985 121.413874451
31.190366985 121.414426451
31.190441985 121.414821452
31.190686985 121.415389452
31.1908579851 121.415734453
31.1908719851 121.415884453
31.1910079851 121.416541454
31.1908949851 121.416671454
31.1897669851 121.417392455
31.1883679852 121.418384456
31.1870479852 121.419347456
31.1861569852 121.419994457
31.1856799852 121.420439458
31.1850929852 121.420999458
31.1845949853 121.421741459
31.1842869853 121.422269459
31.1840779853 121.42279246
31.1838719853 121.423534461
31.1836719854 121.424524462
31.1834729854 121.425469463
31.1832729854 121.426321464
31.1828679855 121.427534465
31.1820419855 121.429251467
31.1812969856 121.431017468
31.1809769856 121.431832469
31.1808899856 121.432124469
31.1807919856 121.43250147
31.1807519856 121.43261147
31.1806449856 121.43295447
31.1805249856 121.433329471
31.1803879857 121.433692471
31.1802629857 121.434052471
31.1801929857 121.434269472
31.1801299857 121.434454472
31.1800579857 121.434679472
31.1800399857 121.434757472
31.1800399857 121.434767472
31.1798699857 121.435529473
31.1799319857 121.436374474
31.1800419858 121.436784474
31.1800679858 121.436857474
31.1801569858 121.437072474
31.1801799858 121.437104474
31.1803299858 121.437309475
31.1805529858 121.437611475
31.1808969858 121.438082475
31.1812919858 121.438616476
31.1814479858 121.438752476
31.1815019858 121.438832476
31.1817219858 121.439187477
31.1820249859 121.439554477
31.1822099859 121.439841477
31.1823649859 121.440027477
31.1825849859 121.440301478
31.1828879859 121.440594478
31.1829599859 121.440762478
31.1832429859 121.441109479
31.1836479859 121.441624479
31.1839579859 121.44208748
31.1840519859 121.44220248
31.1842329859 121.44240748
31.184581986 121.44283948
31.184817986 121.443109481
31.185154986 121.443549481
31.185417986 121.443842481
31.185544986 121.443986481
31.185737986 121.444224482
31.185847986 121.444346482
31.186081986 121.444647482
31.186251986 121.444857482
31.186356986 121.444992483
31.186496986 121.445152483
31.186656986 121.445339483
31.1871399861 121.446199484
31.1877279861 121.447711485
31.1882229862 121.449624487
31.1887519862 121.451567489
31.1893929863 121.453481491
31.1900999863 121.454674492
31.1906919864 121.455641493
31.1914849864 121.456949494
31.1921969865 121.458129496
31.1931019865 121.459361497
31.1940099865 121.460612498
31.1947529866 121.461934499
31.1954799866 121.463264501
31.1962849867 121.464739502
31.1970199867 121.466334504
31.1975329868 121.467841505
31.1981299868 121.469529507
31.1987619869 121.471394509
31.1994819869 121.473504511
31.200151987 121.475536513
31.2008729871 121.477677515
31.2015629871 121.479726517
31.2021279872 121.481402518
31.2026149872 121.48294452
31.2031349873 121.484449521
31.2038119873 121.485937523
31.2046899874 121.487184524
31.2054269874 121.488216525
31.2062499874 121.489284526
31.2071149875 121.490371527
31.2080819875 121.491669528
31.2089169875 121.492937529
31.2092199876 121.49355653
31.2095719876 121.494421531
31.2099969876 121.495136531
31.2104729876 121.495654532
31.2110849876 121.496304533
31.2113929876 121.496671533
31.2114849877 121.496857533
31.2116029877 121.496924533
31.2116579877 121.496927533
31.2125229876 121.496581533
31.2131519876 121.496139532
31.2132129876 121.495974532
31.2131829876 121.495872532
31.2134679876 121.495524532
31.2134729876 121.495527532
31.2135049876 121.495596532
31.2135849876 121.495641532
31.2136079876 121.495622532
31.2136399876 121.495634532
31.2137049876 121.495724532
31.2136399876 121.495749532
31.2134949876 121.495649532
31.2134219876 121.495449532
31.2135219876 121.494371531
31.2138769876 121.49365153
31.2149449875 121.492619529
31.2151679875 121.492042529
31.2150629875 121.491472528
31.2150169875 121.491271528
31.2147369874 121.488507525
31.2146369874 121.487307524
31.2146049874 121.486884524
31.2146069874 121.486782524
31.2144249873 121.485909523
31.2142679873 121.484807522
31.2141619873 121.483776521
31.2140399872 121.48259452
31.2139419872 121.482184519
#
31.2063499847 121.405079442
31.2068799847 121.405831443
31.2074029848 121.406571444
31.2075879848 121.406831444
31.2078299848 121.407169444
31.2080499848 121.407477445
31.2081569848 121.407626445
31.2083179848 121.407857445
31.2083619848 121.407914445
31.2084619848 121.408057445
31.2087729848 121.408501446
31.2091929848 121.409189446
31.2095669849 121.410087447
31.2097329849 121.410722448
31.2098049849 121.411096448
31.2098169849 121.411146449
31.2098529849 121.411301449
31.2099379849 121.411739449
31.2100119849 121.412087449
31.210129985 121.41267145
31.210234985 121.413157451
31.210287985 121.413421451
31.210417985 121.414037452
31.210527985 121.414562452
31.210647985 121.415114453
31.2107979851 121.415759453
31.2108919851 121.416249454
31.2110519851 121.416947455
31.2111549851 121.417459455
31.2111779851 121.417549455
31.2112969851 121.418056456
31.2114179852 121.418664456
31.2115149852 121.419112457
31.2116069852 121.419514457
31.2116779852 121.419829458
31.2117479852 121.420112458
31.2118019852 121.420411458
31.2118419852 121.420597458
31.2119499853 121.421071459
31.2119969853 121.421419459
31.2120169853 121.421702459
31.2120349853 121.42201146
31.2120449853 121.42221246
31.2120629853 121.42239946
31.2120769853 121.42263646
31.2121049853 121.422959461
31.2120849853 121.423222461
31.2121069853 121.423397461
31.2121399853 121.423547461
31.2121929853 121.423681462
31.2123169853 121.423962462
31.2125069854 121.424307462
31.2127969854 121.424757463
31.2131129854 121.425132463
31.2133349854 121.425351463
31.2135769854 121.425566463
31.2137829854 121.425641464
31.2140649854 121.425816464
31.2143449854 121.425957464
31.2146529854 121.426182464
31.2148719854 121.426399464
31.2150819854 121.426636465
31.2151999854 121.426796465
31.2153169855 121.426992465
31.2154829855 121.427251465
31.2156699855 121.427612466
31.2158499855 121.428006466
31.2160069855 121.428376466
31.2162399855 121.428819467
31.2164369855 121.429179467
31.2165929855 121.429404467
31.2168029855 121.429697468
31.2172149856 121.430132468
31.2175149856 121.430522469
31.2179119856 121.431046469
31.2180749856 121.431239469
31.2183119856 121.43153447
31.2184579856 121.43173447
31.2186379856 121.43200947
31.2189399856 121.432537471
31.2190569856 121.432746471
31.2191829856 121.432879471
31.2193799857 121.433259471
31.2198499857 121.433944472
31.2202869857 121.434494473
31.2206399857 121.434954473
31.2210999857 121.435846474
31.2212869858 121.436714475
31.2213449858 121.437314476
31.2215279858 121.438052476
31.2216219858 121.438271477
31.2217399858 121.438511477
31.2220619859 121.439037477
31.2224999859 121.439856478
31.2227949859 121.440872479
31.2228399859 121.44144748
31.222967986 121.442211481
31.223187986 121.443336482
31.223477986 121.444357483
31.2237529861 121.445106483
31.2241219861 121.446042484
31.2245379861 121.447067485
31.2249299861 121.448061486
31.2254499862 121.449387488
31.2258029862 121.450879489
31.2258049863 121.452341491
31.2258299863 121.454021492
31.2258429864 121.455831494
31.2258619865 121.457569496
31.2258679865 121.459237497
31.2257499866 121.461046499
31.2257429866 121.462696501
31.2261369867 121.464279502
31.2267579867 121.465891504
31.2272919868 121.467151505
31.2277819868 121.468346506
31.2283969868 121.469837508
31.2290449869 121.471324509
31.2297119869 121.47237651
31.2300869869 121.472949511
31.2301719869 121.473069511
31.2303219869 121.473347511
31.230426987 121.473552511
31.230476987 121.473656512
#
31.2466599873 121.483471521
31.2466069873 121.483384521
31.2459499873 121.483282521
31.2458469873 121.483307521
31.2454729873 121.483979522
31.2450719873 121.484726522
31.2443529873 121.485391523
31.2436499873 121.485787523
31.2428819873 121.485837523
31.2421179873 121.485717523
31.2414349873 121.485562523
31.2406829873 121.485589523
31.2396569873 121.485707523
31.2387769873 121.485856523
31.2377279873 121.485967523
31.2376369873 121.485896523
31.2375479873 121.485509523
31.2375379873 121.484839522
31.2375349873 121.484786522
31.2374119873 121.484626522
31.2374579873 121.484619522
31.2375749873 121.484549522
31.2375979873 121.484352522
31.2375769873 121.484059522
31.2373629872 121.482974521
31.2371779872 121.48204952
31.2369599872 121.481564519
31.2368319872 121.481029519
31.2366699872 121.480426518
31.2365479872 121.480167518
31.2365279872 121.480056518
31.2366199872 121.479877518
31.2367419871 121.479684517
31.2366519871 121.479184517
31.2366769871 121.479042517
31.2364149871 121.478604516
31.2361519871 121.477854516
31.2356979871 121.476907515
31.2357019871 121.476802515
31.235544987 121.476524514
31.235406987 121.476214514
31.235316987 121.476041514
31.235211987 121.475931514
31.235066987 121.475276513
31.235072987 121.475202513
31.234636987 121.474287512
31.234539987 121.474084512
31.234374987 121.473642512
31.234324987 121.473627512
31.234301987 121.473657512
31.234237987 121.473569512
31.2341329869 121.473244511
31.2341029869 121.473242511
31.2339949869 121.473044511
31.2338229869 121.47245251
31.2329869869 121.47178151
31.2319599869 121.472956511
31.2318219869 121.473046511
31.2317979869 121.473081511
31.2316319869 121.473072511
31.2316179869 121.473212511
31.2315419869 121.473282511
31.2313969869 121.473354511
31.231096987 121.473584511
31.230887987 121.473627511
31.2303949869 121.473096511
31.2295479869 121.47168651
31.2289619869 121.470617509
31.2282749868 121.469134507
31.2277529868 121.467931506
31.2268879867 121.465829504
31.2259379866 121.463317501
31.2258169866 121.461337499
31.2258699866 121.460991499
31.2258899865 121.460642499
31.2259079865 121.460307498
31.2259419865 121.459839498
31.2259649865 121.459527498
31.2259629865 121.459261497
31.2259369865 121.458399497
31.2259529864 121.457229495
31.2259519864 121.456007494
31.2259499864 121.455042493
31.2259369863 121.454359493
31.2260019863 121.453577492
31.2258879863 121.45211149
31.2259469862 121.450984489
31.2257599862 121.450104488
31.2254329862 121.449279488
31.2250719862 121.448282487
31.2247169861 121.447452486
31.2243079861 121.446309485
31.223731986 121.444894483
31.223197986 121.443084481
31.2229049859 121.440842479
31.2223329859 121.439211478
31.2219219858 121.438447477
31.2219619858 121.438451477
31.2216219858 121.437819476
31.2214299858 121.437069475
31.2212949858 121.436061474
31.2210599857 121.435447474
31.2210529857 121.435419474
31.2202699857 121.434322473
31.2199269857 121.433917472
31.2194469857 121.433191471
31.2190629856 121.432439471
31.2186519856 121.43164747
31.2177669856 121.430431469
31.2170269855 121.429209467
31.2164079855 121.428786467
31.2160279855 121.428312466
31.2158179855 121.428412466
31.2156649855 121.428412466
31.2156399855 121.428371466
31.2152949855 121.428187466
31.2152879855 121.428262466
31.2157169855 121.428546467
31.2157749855 121.428456466
31.2157799855 121.428382466
31.2155569855 121.427939466
31.2154869855 121.427884466
31.2152279855 121.427894466
31.2148249855 121.427467465
31.2146869855 121.427401465
31.2146599855 121.427482465
31.2140979854 121.426727465
31.2134779854 121.426061464
#
31.192276984 121.386596422
31.192699984 121.386316422
31.193061984 121.386071422
31.193354984 121.385864421
31.193666984 121.385649421
31.193962984 121.385471421
31.194096984 121.385386421
31.194331984 121.385234421
31.194622984 121.385047421
31.195089984 121.38474442
31.195762984 121.38432942
31.196224984 121.38407442
31.196317984 121.38414242
31.196802984 121.38488442
31.197469984 121.385989422
31.1981099841 121.387079423
31.1986519841 121.387959424
31.1989279841 121.388401424
31.1990979841 121.388672425
31.1992729841 121.388947425
31.1994769841 121.389246425
31.1997249842 121.389622426
31.1998079842 121.389749426
31.2000329842 121.390116426
31.2003779842 121.390697427
31.2006329842 121.391152427
31.2007579842 121.391384427
31.2008849842 121.391659428
31.2010949842 121.392142428
31.2013469843 121.392831429
31.2015749843 121.39358943
31.2017049843 121.39409943
31.2018129843 121.394542431
31.2019529844 121.395081431
31.2020969844 121.395642432
31.2022249844 121.396132433
31.2023599844 121.396664433
31.2025349844 121.397354434
31.2026419844 121.397784434
31.2028099845 121.398444435
31.2029679845 121.399066436
31.2031599845 121.399816436
31.2034249846 121.400739437
31.2039819846 121.401886439
31.2048449846 121.40305444
31.2055549847 121.404057441
31.2058719847 121.404492441
31.2060299847 121.404679442
31.2061799847 121.404859442
31.2064229847 121.405177442
31.2067499847 121.405621443
31.2073099847 121.406424444
31.2078119848 121.407129444
31.2081049848 121.407541445
31.2082699848 121.407772445
31.2083579848 121.407901445
31.2085049848 121.408111445
31.2086269848 121.408282445
31.2087369848 121.408436446
31.2088899848 121.408654446
31.2089699848 121.408774446
31.2091829848 121.409142446
31.2094579849 121.409746447
31.2095829849 121.410081447
31.2097069849 121.410514448
31.2098319849 121.411087448
31.2098729849 121.411307449
31.2098869849 121.411386449
31.2100149849 121.411994449
31.210177985 121.41276745
31.210309985 121.413401451
31.210341985 121.413552451
31.210399985 121.413841451
31.210439985 121.414019452
31.210461985 121.414124452
31.210501985 121.414314452
31.210529985 121.414442452
31.210569985 121.414649452
31.210631985 121.414932452
31.210667985 121.415112453
31.2107049851 121.415297453
31.2107449851 121.415496453
31.2107499851 121.415542453
31.2108069851 121.415811453
31.2108169851 121.415861453
31.2109549851 121.416467454
31.2110949851 121.417109455
31.2112429851 121.417764455
31.2113769852 121.418352456
31.2115669852 121.419147457
31.2117869852 121.420032458
31.2119879852 121.420866459
31.2120999853 121.42196446
31.2121579853 121.422776461
31.2123329853 121.423734462
31.2129219854 121.424854463
31.2132469854 121.425187463
31.2133119854 121.425326463
31.2133519854 121.425389463
31.2135679854 121.425636464
31.2141279854 121.425946464
31.2149029854 121.426407464
31.2155019855 121.427194465
31.2159479855 121.428106466
31.2163199855 121.428781467
31.2165999855 121.429237467
31.2167569855 121.429439468
31.2169319855 121.429647468
31.2172319856 121.430001468
31.2175299856 121.430347468
31.2177549856 121.430641469
31.2180069856 121.430964469
31.2182129856 121.431272469
31.2183699856 121.43151747
31.2185879856 121.43185247
31.2188019856 121.43222447
31.2189579856 121.432476471
31.2189749856 121.432521471
31.2190999856 121.432682471
31.2195529857 121.433231471
31.2199419857 121.434029472
31.2202119857 121.434391473
31.2206429857 121.434887473
31.2210799857 121.435601474
31.2212499858 121.436247475
31.2212969858 121.436704475
31.2213649858 121.437182475
31.2214869858 121.437772476
31.2217149858 121.438382477
31.2221529859 121.439111477
31.2225119859 121.439797478
31.2227079859 121.440347479
31.2228319859 121.440977479
31.2229149859 121.44152448
31.222979986 121.44205148
31.223072986 121.442637481
31.223187986 121.443157481
31.223339986 121.443746482
31.223489986 121.444232483
31.223731986 121.444922483
31.2239619861 121.445506484
31.2242919861 121.446374485
31.2246749861 121.447389486
31.2251049862 121.448529487
31.2255569862 121.449716488
31.2258199862 121.451144489
31.2258249863 121.452746491
31.2258469863 121.454379493
31.2258579864 121.455997494
31.2258769865 121.457639496
31.2258829865 121.459342498
31.2257569866 121.461197499
31.2258079866 121.462956501
31.2262679867 121.464667503
31.2269269867 121.466237504
31.2274669868 121.467514506
31.2279949868 121.468766507
31.2286069869 121.470246508
31.2294349869 121.47188451
31.2304099869 121.473426511
31.231211987 121.474946513
31.232036987 121.476524514
31.2327669871 121.478169516
31.2331549871 121.479871518
31.2330429872 121.481572519
31.2338699873 121.484836522
31.2341279873 121.485391523
31.2345399873 121.486146523
31.2349419874 121.486962524
31.2350679874 121.487162524
31.2350629874 121.487469525
31.2348749874 121.487662525
31.2343819874 121.488222525
31.2342849874 121.488331526
31.2339399874 121.488677526
31.2335479874 121.489117526
31.2325369875 121.490089527
31.2316699875 121.491027528
31.2306819875 121.492116529
31.2298249875 121.49314653
31.2287019876 121.494347531
31.2275869876 121.495351532
31.2254499877 121.497524534
31.2245649877 121.498414535
31.2238879877 121.499002535
#
31.2812779851 121.416932456
31.2802219851 121.416684456
31.2789969851 121.415977455
31.2775919851 121.415647455
31.2764599851 121.415122454
31.275594985 121.413881453
31.274842985 121.413479452
31.273714985 121.413609453
31.2728549851 121.414401453
31.2725369851 121.415231454
31.2724599851 121.415336454
31.2723649851 121.415337454
31.2715069851 121.415207454
31.2703779851 121.414881454
31.2692769851 121.414517453
31.267964985 121.414254453
31.267514985 121.414164453
31.267419985 121.414147453
31.267276985 121.414176453
31.267149985 121.414334453
31.2669019851 121.415602454
31.2667529851 121.416431455
31.2667069851 121.416721456
31.2664979852 121.417849457
31.2664099852 121.417991457
31.2662449852 121.418027457
31.2648829852 121.417879457
31.2630279852 121.417702457
31.2609549852 121.417496456
31.2590119851 121.417314456
31.2573649851 121.417171456
31.2557849851 121.417419456
31.2543669852 121.417752456
31.2529079852 121.418714457
31.2520699852 121.419254458
31.2519179852 121.419351458
31.2514599852 121.419641458
31.2511829852 121.419792458
31.2506229852 121.420121459
31.2497219853 121.420696459
31.2484969853 121.42140646
31.2475299853 121.421964461
31.2472679853 121.42182246
31.2467999852 121.420527459
31.2465949852 121.420029459
31.2462349852 121.419372458
31.2455319852 121.418222457
31.2447899851 121.416851455
31.2437979851 121.415064453
31.243111985 121.413751452
31.242192985 121.41214145
31.2414119849 121.411221449
31.2414229849 121.411154449
31.2412869849 121.411009449
31.2411569849 121.410934449
31.2406899849 121.411287449
31.239979985 121.41236445
31.239567985 121.413087451
31.239566985 121.413172451
31.239042985 121.413806452
31.238909985 121.414032452
31.238926985 121.414099452
31.238857985 121.414161452
31.238774985 121.414172452
31.238619985 121.414002452
31.238014985 121.413292451
31.237529985 121.412931451
31.236411985 121.41229945
31.235809985 121.41194245
31.2356829849 121.41186145
31.235439985 121.41191945
31.234661985 121.41231745
31.234222985 121.412609451
31.233261985 121.413077451
31.232852985 121.413302451
31.232809985 121.413402451
31.232869985 121.413789452
31.233269985 121.414764453
31.233274985 121.414802453
31.233267985 121.414719453
31.233182985 121.414652453
31.232761985 121.413769452
31.232629985 121.413554452
31.232639985 121.413382451
31.231846985 121.413712452
31.231032985 121.414312452
31.230106985 121.414864453
31.2293519851 121.415396453
31.2293619851 121.415541454
31.2295319851 121.415876454
31.2296019851 121.416161454
31.2295869851 121.416287454
#
31.2781319848 121.406284445
31.2781229848 121.406714445
31.2782029848 121.406731446
31.2783179848 121.406701445
31.2785749848 121.406694445
31.2788249848 121.406704446
31.2789119848 121.406706446
31.2790049848 121.406709446
31.2790949848 121.406706446
31.2792919848 121.406711446
31.2795099848 121.406702446
31.2801599848 121.406707446
31.2804349848 121.406716446
31.2806379848 121.406727446
31.2809149848 121.406686446
31.2811329848 121.406714446
31.2812119848 121.406714446
31.2813919848 121.406721446
31.2823299848 121.406676446
31.2824899848 121.406677446
31.2825719848 121.406679446
31.2827349848 121.406667446
31.2829049848 121.406682446
31.2831669848 121.406674446
31.2834869848 121.406689446
31.2841029848 121.406684446
31.2843499848 121.406676446
31.2846929848 121.406676446
31.2850419848 121.406694446
31.2857269848 121.406696446
31.2859799848 121.406702446
31.2864779848 121.406676446
31.2865179848 121.406671446
31.2865799848 121.406669446
31.2866019848 121.406669446
31.2868019848 121.406651446
31.2868619848 121.406656446
31.2869729848 121.406617446
31.2870529848 121.406666446
31.2871199848 121.406664446
31.2871799848 121.406667446
31.2872399848 121.406662446
31.2874219848 121.406681446
31.2875849848 121.406674446
31.2876399848 121.406672446
31.2876929848 121.406676446
31.2877979848 121.406679446
31.2878769848 121.406611446
31.2879199848 121.406631446
31.2880819848 121.406696446
31.2881029848 121.406687446
31.2881329848 121.406687446
31.2881829848 121.406687446
31.2884149848 121.406726446
31.2884679848 121.406717446
31.2885819848 121.406721446
31.2888069848 121.406711446
31.2889229848 121.406692446
31.2891779848 121.406827446
31.2894269848 121.407806447
31.2894049849 121.409691449
31.2896049849 121.41070645
31.289661985 121.411331451
#
