31.196901984 121.38409742
31.196884984 121.383999419
31.1966379839 121.383709419
31.1962029839 121.383649419
31.1959519839 121.383772419
31.195792984 121.383847419
31.195632984 121.383922419
31.195444984 121.384016419
31.195169984 121.38419642
31.195011984 121.38431242
31.194917984 121.38437642
31.194891984 121.38440242
31.194771984 121.38448642
31.194552984 121.38459242
31.194529984 121.38460742
31.194269984 121.38479742
31.193821984 121.385121421
31.193059984 121.385681421
31.192107984 121.386309422
31.1909069841 121.387004423
31.1896649841 121.387596423
31.1883529841 121.388057424
31.1871119841 121.388507424
31.1859699841 121.388959425
31.1849499841 121.389352425
31.1849029841 121.389461425
31.1849399842 121.389644425
31.1850229842 121.389726425
31.1851449842 121.389729425
31.1859449841 121.389449425
31.1869699841 121.389069425
31.1880329841 121.388697424
31.1884729841 121.388537424
31.1885819841 121.388536424
31.1886919841 121.388617424
31.1889669841 121.389416425
31.1892529842 121.390214426
31.1895919842 121.391151427
31.1899019842 121.392224428
31.1902129843 121.393151429
31.1902179843 121.393264429
31.1903779843 121.393366429
31.1904749843 121.393376429
31.1911479843 121.393079429
31.1920249843 121.392749429
31.1931329843 121.392474428
31.1937179843 121.392331428
31.1939669843 121.392294428
31.1942279842 121.392202428
31.1942899842 121.392191428
31.1943419842 121.392182428
31.1944949842 121.392052428
31.1945679842 121.392031428
31.1951019842 121.391902428
31.1954929842 121.391751428
31.1957219842 121.391621428
31.1957399842 121.391506427
31.1956949842 121.390966427
31.1955969842 121.390422426
31.1954829842 121.389827426
31.1955319842 121.389689426
31.1956699842 121.389592425
31.1960299842 121.389446425
31.1966799841 121.389239425
31.1970629841 121.389032425
31.1976499841 121.388826425
31.1984449841 121.388609424
31.1986699841 121.388619424
31.1989829841 121.388469424
31.1991179841 121.388321424
31.1990549841 121.387817424
31.1987819841 121.386831423
31.198046984 121.385611421
#
31.2577919851 121.417237456
31.2571049851 121.417261456
31.2561749851 121.417389456
31.2553379851 121.417516456
31.2547469852 121.417684456
31.2547349852 121.417759456
31.2547849852 121.417914457
31.2551799852 121.418504457
31.2556119852 121.419151458
31.2558379852 121.419574458
31.2561799852 121.420104459
31.2566649853 121.42086246
31.2571619853 121.42163746
31.2576479853 121.422407461
31.2579979853 121.423141462
31.2580799854 121.423572462
31.2574529854 121.423772463
31.2567949854 121.423916463
31.2561029854 121.424049463
31.2554529854 121.424294463
31.2550019854 121.424629463
31.2549519854 121.424657463
31.2546469854 121.424881464
31.2545649854 121.424987464
31.2545679854 121.425079464
31.2548499854 121.425597464
31.2551229854 121.426149465
31.2552519855 121.426509465
31.2551819855 121.426656466
31.2545119855 121.426984466
31.2538319855 121.427266466
31.2530979855 121.427684467
31.2525349855 121.428029467
31.2522719855 121.428277467
31.2522869855 121.428346467
31.2521669855 121.428457467
31.2521419855 121.428579467
31.2522419855 121.428759468
31.2529799856 121.429574468
31.2538929856 121.430366469
31.2547919856 121.43111647
31.2552799856 121.431546471
31.2553699856 121.431634471
31.2555719856 121.432009471
31.2557769857 121.432654472
31.2562919857 121.433531473
31.2567129857 121.434597474
31.2569599857 121.435351474
31.2569229858 121.435581475
31.2569369858 121.435622475
31.2571619858 121.436267475
31.2572199858 121.436406475
31.2572129858 121.436344475
31.2570429858 121.435582475
31.2566429857 121.434321473
31.2563149857 121.433026472
31.2561199856 121.432091471
31.2560069856 121.431796471
31.2554719856 121.43121247
31.2546899856 121.430486469
31.2537779856 121.429754469
31.2529199855 121.428966468
31.2524699855 121.428349467
31.2525049855 121.428236467
31.2527279855 121.428037467
31.2533319855 121.427667467
#
