31.2123219848 121.407217444
31.2123769848 121.407359445
31.2117019848 121.407586445
31.2116269848 121.407604445
31.2114729848 121.407802445
31.2106549848 121.407687445
31.2104819848 121.407414445
31.2101999848 121.407292445
31.2098979848 121.407344445
31.2094869848 121.407426445
31.2095649848 121.407414445
31.2095569848 121.407572445
31.2097119848 121.407576445
31.2097019848 121.407642445
31.2092049848 121.407704445
31.2092079848 121.407777445
31.2091219848 121.407774445
31.2090619848 121.407744445
31.2088199848 121.407762445
31.2078229848 121.407697445
31.2063749848 121.407727445
31.2060149848 121.407761445
31.2059229848 121.408437446
31.2058449848 121.408477446
31.2056769848 121.408399446
31.2047279848 121.408542446
31.2044319848 121.408249445
31.2042369848 121.408291445
31.2038729848 121.408189445
31.2037749848 121.408211445
31.2036429848 121.408336445
31.2033829848 121.408339445
31.2026029848 121.408507446
31.2025579848 121.408551446
31.2025849848 121.409164446
31.2023769848 121.409129446
31.2022969848 121.409101446
31.2020849848 121.409149446
31.2018799848 121.409346446
31.2016479849 121.409517447
31.2012219849 121.410244447
31.1995419849 121.410947448
31.1994969849 121.410996448
31.1990919849 121.411122448
31.1991219849 121.411252448
31.1983669849 121.411442449
31.198012985 121.41243645
31.197929985 121.413821451
31.1975749851 121.416611454
31.1975799851 121.416684454
31.1975469851 121.416797454
31.1980949851 121.417779455
31.1981219852 121.418979456
31.1977479852 121.420439458
31.1973779853 121.421551459
31.1969519853 121.42269946
31.1967129853 121.423769461
31.1966879853 121.423876461
31.1965969853 121.423892461
31.1960269853 121.423706461
31.1950969853 121.423114461
31.1947719853 121.42274246
31.1942849853 121.42225946
31.1941699853 121.42243146
31.1941179853 121.42257146
31.1941269853 121.42262946
31.1941419853 121.42290446
31.1943099853 121.423224461
31.1938679853 121.423454461
31.1936829853 121.423676461
31.1935969853 121.423712461
31.1934419853 121.423852461
31.1933419853 121.423857461
31.1931899853 121.424066461
31.1931979853 121.424234462
31.1932279853 121.424232462
31.1932719853 121.424241462
31.1934079854 121.424384462
31.1935429854 121.424472462
31.1935679854 121.424456462
31.1936399854 121.424431462
31.1936779854 121.424316462
31.1936679854 121.424279462
#
31.227196987 121.475964514
31.227551987 121.475821514
31.228011987 121.475534513
31.228512987 121.475151513
31.229121987 121.474731513
31.229857987 121.474222512
31.230564987 121.473791512
31.230667987 121.473557511
31.2306349869 121.473399511
31.2303029869 121.472831511
31.2296249869 121.47182751
31.2288549869 121.470619509
31.2283619868 121.469459507
31.2279519868 121.468476506
31.2277429868 121.467944506
31.2274699868 121.467302505
31.2271869867 121.466621505
31.2269329867 121.466006504
31.2267369867 121.465546504
31.2265449867 121.465097503
31.2263029867 121.464476503
31.2260069866 121.463587502
31.2258519866 121.462717501
31.2258019866 121.4620195
31.2258069866 121.4615375
31.2258369866 121.461084499
31.2258779865 121.460591499
31.2259019865 121.460336499
31.2259399865 121.459832498
31.2259649865 121.459287497
31.2259399865 121.458976497
31.2259319865 121.458609497
31.2259219865 121.457707496
31.2259129864 121.456876495
31.2259049864 121.455894494
31.2258919864 121.454714493
31.2258769863 121.453216492
31.2258579863 121.45176749
31.2257749862 121.450462489
31.2255019862 121.449479488
31.2251449862 121.448546487
31.2248319861 121.447724486
31.2243729861 121.446572485
31.2238229861 121.445137483
31.223261986 121.443266482
31.2229119859 121.441162479
31.2223649859 121.439357478
31.2215879858 121.437954476
31.2212549858 121.436201474
31.2204649857 121.434594473
31.2194219857 121.433237471
31.2184269856 121.43158647
31.2170929855 121.429839468
31.2158429855 121.427756466
31.2146199854 121.426036464
31.2130979854 121.424939463
31.2123729853 121.423717462
31.2121729853 121.42222646
31.2119999852 121.420949459
31.2117229852 121.419681457
31.2114149852 121.418364456
31.2110619851 121.416582454
31.210756985 121.415062453
31.210434985 121.413637451
31.2101229849 121.41215645
31.2098149849 121.410581448
31.2089929848 121.408631446
31.2071299847 121.406006443
31.2065569847 121.405107442
31.2061999847 121.404617442
31.2059719847 121.404296441
31.2053479846 121.40343644
31.2046849846 121.402397439
31.2040849846 121.400811438
31.2036479845 121.399234436
31.2036269845 121.398929436
31.2037079845 121.398814435
31.2046349845 121.398456435
31.2052999845 121.398062435
31.2053199845 121.397934435
31.2050669844 121.397302434
31.2047569844 121.396586433
31.2044849844 121.395944432
31.2042779844 121.395359432
31.2041799844 121.395069431
31.2040919843 121.394594431
31.2039349843 121.394481431
31.2032799843 121.394262431
31.2023779843 121.39396143
31.2016049843 121.39370643
31.2008799843 121.39360243
31.2005249843 121.39354643
31.1999879843 121.39346643
31.1997499843 121.39352443
31.1997019843 121.39363943
31.1996329843 121.39420143
31.1996199843 121.394364431
31.1995799843 121.394829431
31.1994669844 121.395539432
31.1992769844 121.396161433
31.1990929844 121.396641433
31.1990069844 121.396662433
31.1983219844 121.396466433
#
31.2265779864 121.456121494
31.2259619864 121.456264495
31.2256899864 121.456551495
31.2256449865 121.457946496
31.2256279865 121.458437497
31.2256179865 121.458794497
31.2255619865 121.460042498
31.2254399866 121.4618775
31.2254499866 121.462829501
31.2243799866 121.462979501
31.2239519866 121.463029501
31.2238419866 121.463086501
31.2238119866 121.463229501
31.2240769867 121.464246502
31.2243769867 121.465564504
31.2244469867 121.466134504
31.2242769867 121.466331504
31.2234219867 121.466826505
31.2223269868 121.467109505
31.2209149867 121.466974505
31.2195529867 121.466602504
31.2188169867 121.466452504
31.2183419867 121.466354504
31.2174069867 121.466099504
31.2166469867 121.465911504
31.2158129867 121.465886504
31.2148129867 121.466101504
31.2140469867 121.466496504
31.2133219867 121.466962505
31.2131199867 121.467094505
31.2129749867 121.467192505
31.2124049868 121.467564505
31.2116569868 121.468019506
31.2110099868 121.468332506
31.2105849868 121.468497506
31.2099319868 121.468739506
31.2093749868 121.468949507
31.2092629868 121.468996507
31.2091349868 121.469037507
31.2085499868 121.469244507
31.2081779868 121.469387507
31.2077619868 121.469542507
31.2073849868 121.469702507
31.2067369868 121.469944507
31.2062829868 121.470114508
31.2059479868 121.470239508
31.2050929869 121.470554508
31.2044429869 121.470797508
31.2039049869 121.471004508
31.2034119869 121.471161509
31.2028649869 121.471356509
31.2023799869 121.471534509
31.2021469869 121.471614509
31.2014849869 121.471816509
31.2011729869 121.471927509
31.2008169869 121.472059509
31.1999269869 121.47231251
31.1990199869 121.472191509
31.1987349869 121.47243951
31.1986349869 121.47282151
31.1988079869 121.473347511
31.199451987 121.473976511
31.199967987 121.475452513
31.200486987 121.476972514
31.2010869871 121.478662516
31.2016499872 121.480321517
#
31.2146069874 121.489007526
31.2146019874 121.489361526
31.2146179874 121.489522526
31.2146069875 121.490109527
31.2146519875 121.490336527
31.2147579875 121.490817527
31.2147799875 121.490912528
31.2148029875 121.490991528
31.2149549875 121.491589528
31.2149179875 121.492417529
31.2145649875 121.492884529
31.2135099876 121.49388953
31.2132149876 121.495454532
31.2128279876 121.496087532
31.2122179876 121.496401533
31.2107279876 121.496354533
31.2095799876 121.496554533
31.2091999877 121.497092533
31.2091769877 121.497881534
31.2095079877 121.498419534
31.2100549877 121.498622535
31.2101729877 121.498616535
31.2107299877 121.498349534
31.2111169877 121.497709534
31.2111319877 121.496927533
31.2107449876 121.496246532
31.2101879876 121.495967532
31.2095769876 121.496059532
31.2090929876 121.496509533
31.2086269877 121.497764534
31.2081079877 121.499194535
31.2075649878 121.500646537
31.2069669878 121.502207538
31.2064049879 121.503746539
31.2059029879 121.505119541
31.2053979879 121.506451542
31.204797988 121.507844543
31.204299988 121.509372545
31.2039149881 121.511077546
31.2039379881 121.512246547
31.2042469881 121.512557547
31.2048369881 121.512762548
31.2049619881 121.512757548
31.2056399881 121.512409547
31.2060029881 121.511636547
31.206499988 121.510332545
31.206934988 121.510104545
31.207184988 121.510106545
31.2083629881 121.510812546
31.2095619881 121.511474547
31.2101229881 121.511576547
31.2103219881 121.511554547
31.2104629881 121.511527547
31.2104969881 121.511527547
31.2110279881 121.511679547
31.2120419881 121.512317547
31.2123779881 121.512574548
31.2124379881 121.512734548
31.2123929881 121.512942548
31.2118129882 121.514046549
31.2114829882 121.514612549
31.2110199882 121.51564955
31.2108669882 121.516177551
31.2106719882 121.516967552
31.2103169883 121.518361553
31.2101169883 121.519814554
31.2100849883 121.520659555
#
31.196901984 121.38409742
31.196884984 121.383999419
31.1966379839 121.383709419
31.1962029839 121.383649419
31.1959519839 121.383772419
31.195792984 121.383847419
31.195632984 121.383922419
31.195444984 121.384016419
31.195169984 121.38419642
31.195011984 121.38431242
31.194917984 121.38437642
31.194891984 121.38440242
31.194771984 121.38448642
31.194552984 121.38459242
31.194529984 121.38460742
31.194269984 121.38479742
31.193821984 121.385121421
31.193059984 121.385681421
31.192107984 121.386309422
31.1909069841 121.387004423
31.1896649841 121.387596423
31.1883529841 121.388057424
31.1871119841 121.388507424
31.1859699841 121.388959425
31.1849499841 121.389352425
31.1849029841 121.389461425
31.1849399842 121.389644425
31.1850229842 121.389726425
31.1851449842 121.389729425
31.1859449841 121.389449425
31.1869699841 121.389069425
31.1880329841 121.388697424
31.1884729841 121.388537424
31.1885819841 121.388536424
31.1886919841 121.388617424
31.1889669841 121.389416425
31.1892529842 121.390214426
31.1895919842 121.391151427
31.1899019842 121.392224428
31.1902129843 121.393151429
31.1902179843 121.393264429
31.1903779843 121.393366429
31.1904749843 121.393376429
31.1911479843 121.393079429
31.1920249843 121.392749429
31.1931329843 121.392474428
31.1937179843 121.392331428
31.1939669843 121.392294428
31.1942279842 121.392202428
31.1942899842 121.392191428
31.1943419842 121.392182428
31.1944949842 121.392052428
31.1945679842 121.392031428
31.1951019842 121.391902428
31.1954929842 121.391751428
31.1957219842 121.391621428
31.1957399842 121.391506427
31.1956949842 121.390966427
31.1955969842 121.390422426
31.1954829842 121.389827426
31.1955319842 121.389689426
31.1956699842 121.389592425
31.1960299842 121.389446425
31.1966799841 121.389239425
31.1970629841 121.389032425
31.1976499841 121.388826425
31.1984449841 121.388609424
31.1986699841 121.388619424
31.1989829841 121.388469424
31.1991179841 121.388321424
31.1990549841 121.387817424
31.1987819841 121.386831423
31.198046984 121.385611421
#
31.2542419879 121.504394541
31.2542779879 121.505007541
31.2537429879 121.505954542
31.2535329879 121.506242543
31.2534679879 121.506349543
31.253007988 121.507034543
31.252941988 121.507307544
31.252746988 121.507399544
31.252921988 121.508027544
31.253142988 121.509062545
31.253321988 121.509827546
31.2533499881 121.510026546
31.2533729881 121.510091546
31.2535129881 121.510159546
31.2535249881 121.510271546
31.2536619881 121.510356546
31.2536419881 121.510534547
31.2536879881 121.510611547
31.2536549881 121.510694547
31.2536629881 121.511507547
31.2537769881 121.512486548
31.2539179882 121.513417549
31.2540179882 121.51403155
31.2541479882 121.51413155
31.2541519882 121.514892551
31.2541219882 121.515627551
31.2541299882 121.516514552
31.2541249883 121.517551553
31.2544849883 121.519202554
31.2546319884 121.520472556
31.2547079884 121.521677557
31.2548469884 121.522952558
31.2549549885 121.524179559
31.2550129885 121.52541756
31.2550579885 121.526512561
31.2549999885 121.526852561
31.2550879885 121.527087562
31.2551049886 121.528017562
31.2554379886 121.529227563
31.2555699886 121.529556564
31.2555569886 121.529437564
31.2555349886 121.529342564
31.2553549886 121.528692563
31.2551819886 121.527811562
31.2550969886 121.527449562
31.2552069885 121.527179562
31.2559849885 121.526794561
31.2564969885 121.526356561
31.2570669885 121.52587256
31.2575429885 121.52534656
31.2576319885 121.52525256
31.2576399885 121.52519256
31.2579979885 121.52479256
31.2580199885 121.524699559
31.2581919885 121.524757559
31.2583929885 121.52532256
31.2587949885 121.525974561
31.2589929885 121.526261561
31.2590529885 121.526427561
31.2593949885 121.526734561
31.2594369885 121.526801561
31.2596579885 121.527169562
31.2599899886 121.527791562
31.2603369886 121.528464563
31.2604519886 121.528722563
31.2604229886 121.528857563
31.2597369886 121.529059563
31.2590299886 121.529329564
31.2588129886 121.529649564
31.2584899886 121.530496565
31.2583329886 121.530754565
31.2579669887 121.531052565
31.2579569887 121.531131565
31.2581679887 121.531507565
31.2585469887 121.532084566
31.2590769887 121.532586566
31.2591249887 121.532932567
31.2595329887 121.533519567
31.2597019887 121.533856568
31.2597369887 121.533832568
31.2598169887 121.533736568
31.2602249887 121.533176567
31.2602429887 121.533119567
31.2607379887 121.532842567
31.2612699887 121.532532566
31.2617799887 121.532136566
31.2624279887 121.531649566
31.2629529887 121.531207565
31.2635819886 121.530722565
31.2636119886 121.530644565
31.2636699886 121.530602565
31.2636449886 121.530407565
#
31.2307879862 121.449481488
31.2303479862 121.449891488
31.2296529862 121.450221489
31.2295499862 121.450189489
31.2294669862 121.450077489
31.2293619862 121.449334488
31.2292329862 121.448926487
31.2297129861 121.446111485
31.2297419861 121.445602484
31.228966986 121.444081483
31.228471986 121.443742482
31.228392986 121.443801482
31.228309986 121.443934482
31.228191986 121.444109483
31.227552986 121.444864483
31.227421986 121.444947483
31.226597986 121.444949483
31.2265069861 121.445252484
31.2263769861 121.445632484
31.2257729861 121.446074484
31.2250249861 121.446459485
31.2245449861 121.446564485
31.2239379861 121.446054484
31.2239449861 121.445849484
31.2245619861 121.445389484
31.224384986 121.444724483
31.223926986 121.443157481
31.223736986 121.442789481
31.223711986 121.442677481
31.223626986 121.442267481
31.223527986 121.442201481
31.223547986 121.443616482
31.2238649861 121.445129483
31.2242699861 121.446277485
31.2246199861 121.447259486
31.2250469862 121.448456487
31.2253119862 121.449159488
31.2254519862 121.449544488
31.2256769862 121.450349489
31.2257629863 121.45138449
31.2257749863 121.452587491
31.2257629863 121.454241493
31.2257719864 121.455802494
31.2257869864 121.457234495
31.2257729865 121.458729497
31.2256299865 121.460477499
31.2255549866 121.4621725
31.2257269866 121.463522502
31.2258099867 121.464686503
31.2251179867 121.465736504
31.2240249867 121.466704505
31.2228949868 121.467201505
31.2220799868 121.467296505
31.2211329868 121.467179505
31.2203849867 121.466976505
31.2197919867 121.466799505
31.2194079867 121.466686505
31.2192779867 121.466639505
31.2188999867 121.466529504
31.2181249867 121.466307504
31.2173329867 121.466089504
31.2162929867 121.465876504
31.2151069867 121.465996504
31.2141849867 121.466417504
31.2132179867 121.467031505
31.2121799868 121.467711505
31.2113819868 121.468149506
31.2107219868 121.468439506
31.2100949868 121.468661506
31.2096849868 121.468816506
31.2090669868 121.469041507
31.2083519868 121.469304507
31.2071849868 121.469737507
31.2067099868 121.469919507
31.2062019868 121.470114508
31.2058399868 121.470257508
31.2053279868 121.470439508
31.2046819869 121.470671508
31.2043119869 121.470814508
31.2035549869 121.471101508
31.2028329869 121.471377509
31.2022379869 121.471597509
31.2021149869 121.471632509
31.2019069869 121.471687509
31.2012819869 121.471902509
31.2005769869 121.472161509
31.2000829869 121.47231251
31.1998449869 121.47229751
31.1992969869 121.472117509
31.1989829869 121.472189509
31.1987429869 121.47246451
31.1986979869 121.47287251
31.1988299869 121.47318751
31.1994169869 121.473754511
31.199939987 121.475019512
31.200579987 121.476564514
31.2010869871 121.477977515
31.2016119871 121.479444516
31.2021449872 121.481149518
31.2026879872 121.48284452
31.2033329873 121.484694521
31.2042519873 121.486541523
31.2053749874 121.488106525
31.2065029874 121.489584526
#
31.1962369857 121.433687471
31.1956929857 121.434081472
31.1956879857 121.434407472
31.1961119857 121.435547473
31.1963529857 121.435957474
31.1968579858 121.436764474
31.1975879858 121.437936476
31.1985569859 121.439526477
31.1993649859 121.441194479
31.200246986 121.443277481
31.2011549861 121.445467483
31.2019979861 121.447739486
31.2027049862 121.449919488
31.2034249863 121.45202449
31.2040519863 121.454216492
31.2046029864 121.456096494
31.2050099865 121.458054496
31.2054149865 121.460172498
31.2063029866 121.4620475
31.2070619866 121.463691501
31.2073919867 121.465294503
31.2074229867 121.465447503
31.2074779867 121.465597503
31.2076779867 121.466559504
31.2079349868 121.467717505
31.2082299868 121.468997507
31.2080969868 121.469239507
31.2077669868 121.469437507
31.2065399868 121.469832507
31.2053319868 121.470217508
31.2048969868 121.470219508
31.2047749868 121.469997507
31.2045169868 121.468557506
31.2041419867 121.466941504
31.2041329867 121.466611504
31.2042169867 121.466537504
31.2050449867 121.466269504
31.2060129867 121.465769503
31.2064849867 121.465484503
31.2067819867 121.465316503
31.2072619867 121.465204503
31.2073499867 121.465316503
31.2078269867 121.466527504
31.2081829867 121.466762504
31.2096749868 121.467327505
31.2101219868 121.467766505
31.2102929868 121.468196506
31.2106549868 121.468767506
31.2109769868 121.468742506
31.2110799868 121.468717506
31.2122279868 121.468112506
31.2135229868 121.467217505
31.2150119867 121.466267504
31.2160949867 121.466094504
31.2182469867 121.466529504
31.2204819867 121.467119505
31.2222729868 121.467382505
31.2241979867 121.466756505
31.2258299867 121.465241503
31.2275129866 121.463556502
31.2295929866 121.462744501
31.2336129866 121.462492501
31.2354619866 121.4621345
#
31.2677429854 121.425154464
31.2676319854 121.425451465
31.2676699854 121.425642465
31.2677379854 121.425659465
31.2681079854 121.425579465
31.2681579854 121.425551465
31.2682129854 121.425556465
31.2684599854 121.425536465
31.2685649854 121.425537465
31.2686099854 121.425529465
31.2687149854 121.425512465
31.2688549854 121.425539465
31.2700069854 121.425794465
31.2712269854 121.426041465
31.2713349854 121.425982465
31.2714849854 121.425044464
31.2717349854 121.423686463
31.2717869854 121.423491463
31.2720769853 121.422942462
31.2725799853 121.422262461
31.2730869853 121.421616461
31.2731719853 121.421534461
31.2732499853 121.421414461
31.2731529853 121.42123246
31.2725079853 121.42049446
31.2721469852 121.420019459
31.2721599852 121.419832459
31.2723369852 121.419632459
31.2732829852 121.418946458
31.2739549852 121.418561458
31.2742279852 121.418469458
31.2745429852 121.418404458
31.2748129852 121.418419458
31.2749119852 121.418412458
31.2751079852 121.418434458
31.2752119852 121.418432458
31.2756549852 121.418456458
31.2764719852 121.418316457
31.2765729852 121.418297457
31.2766679852 121.418132457
31.2766669852 121.418082457
31.2766069852 121.417989457
31.2766849851 121.416931456
31.2769529851 121.416289455
31.2771879851 121.415669455
31.2772219851 121.415609455
31.2773049851 121.415014454
31.277416985 121.414322453
31.277407985 121.414206453
31.277511985 121.413274452
31.277571985 121.412611452
31.277559985 121.412439451
31.277592985 121.412362451
31.277586985 121.412239451
31.277619985 121.412196451
31.277672985 121.411912451
31.2778279849 121.41100645
31.2778119849 121.410226449
31.2776819849 121.410026449
31.2769579849 121.410007449
31.2757369849 121.409977449
31.2749269849 121.410056449
31.2746369849 121.410082449
31.2745969849 121.410017449
31.2746329849 121.409757449
31.2746929849 121.408822448
31.2748629848 121.408119447
31.2749199848 121.407564446
31.2750279848 121.406692445
31.2750419848 121.406232445
31.2749729848 121.406194445
31.2741069848 121.406186445
31.2726629848 121.405981445
31.2712429848 121.405862444
31.2698519848 121.405686444
31.2687629847 121.405596444
#
31.2133549871 121.477476515
31.213259987 121.476796514
31.212729987 121.475837513
31.212204987 121.474976512
31.2117699869 121.473609511
31.2113129869 121.47206651
31.2110049869 121.470702508
31.2107579868 121.468922507
31.2099049868 121.467391505
31.2089429867 121.466931505
31.2079399867 121.466546504
31.2077199867 121.466436504
31.2076199867 121.465957504
31.2074629867 121.465097503
31.2075319867 121.464681502
31.2075419867 121.464152502
31.2074869866 121.463702501
31.2073479866 121.463241501
31.2074319866 121.463209501
31.2074729866 121.463126501
31.2078999866 121.462791501
31.2087249866 121.4625825
31.2096729866 121.4622515
31.2096999866 121.4622315
31.2101419866 121.4620915
31.2101649866 121.4620525
31.2105379866 121.4620345
31.2109449866 121.4619045
31.2111099866 121.4618575
31.2113349866 121.4618315
31.2115119866 121.461641499
31.2116879866 121.461609499
31.2118019866 121.461554499
31.2119479866 121.461542499
31.2121179866 121.461471499
31.2121419866 121.461399499
31.2121419866 121.461264499
31.2119199865 121.460649499
31.2115669865 121.459974498
31.2114899865 121.459822498
31.2114619865 121.459807498
31.2114549865 121.459777498
31.2113949865 121.459737498
31.2112729865 121.459417497
31.2112179865 121.459386497
31.2108899865 121.458511496
31.2106629865 121.458024496
31.2106319865 121.457801496
31.2106199865 121.457734496
31.2104749864 121.457319495
31.2104349864 121.457186495
31.2103469864 121.457141495
31.2099249864 121.457196495
31.2097619864 121.457242495
31.2096649864 121.457216495
31.2094169864 121.457247495
31.2086149864 121.457359495
31.2078719864 121.457459495
31.2077099864 121.457496495
31.2075129864 121.457597495
31.2069099864 121.457597495
31.2059829864 121.457761496
31.2049679865 121.457862496
31.2052649865 121.458969497
31.2057319865 121.460732498
31.2062029866 121.4618275
31.2062229866 121.4620125
31.2061519866 121.4621965
31.2053579866 121.4626315
31.2039379866 121.463179501
31.2030019866 121.463457501
31.2033869867 121.464471502
31.2037099867 121.465737503
31.2038469867 121.466264504
31.2038519867 121.466407504
31.2037879867 121.466484504
31.2035879867 121.466529504
31.2028419867 121.466572504
31.2021649867 121.466692504
31.2014269867 121.467047505
31.2007899868 121.467371505
31.2004529868 121.467557505
31.2003219868 121.467637505
31.2000879868 121.467787505
31.1997379868 121.467957505
31.1991929868 121.468224506
31.1989529868 121.468399506
31.1989019868 121.468497506
31.1981499868 121.469066506
31.1975399868 121.469442507
31.1971919868 121.469602507
31.1971019868 121.469616507
31.1965499868 121.469787507
31.1964599868 121.469796507
31.1962149868 121.469777507
31.1960949868 121.469647507
31.1958079868 121.468782506
31.1955679868 121.467882505
31.1955369868 121.467747505
31.1955219868 121.467731505
31.1955379868 121.467634505
31.1955179868 121.467577505
31.1954299867 121.466714504
31.1953429867 121.466381504
31.1953349867 121.466317504
31.1953049867 121.465729503
31.1952999867 121.465517503
31.1956599867 121.465356503
31.1957629867 121.465442503
31.1960049867 121.465409503
#
31.2177249855 121.427237465
31.2173879855 121.427307465
31.2172679855 121.427447465
31.2171629855 121.427536466
31.2171419855 121.427597466
31.2170619855 121.427627466
31.2163199855 121.427756466
31.2161669855 121.427844466
31.2161179855 121.427829466
31.2158779855 121.427977466
31.2159369855 121.428087466
31.2159879855 121.428197466
31.2160749855 121.428259466
31.2166399855 121.429664468
31.2176819856 121.431029469
31.2184829856 121.43206647
31.2187219856 121.432411471
31.2188499856 121.432461471
31.2193169857 121.433384472
31.2198919857 121.434156472
31.2206669857 121.435137473
31.2211929858 121.436164474
31.2211799858 121.436842475
31.2213149858 121.437592476
31.2216519858 121.438532477
31.2221029859 121.439192477
31.2226019859 121.440356479
31.2228329859 121.44173448
31.223037986 121.443051481
31.223272986 121.444002482
31.223531986 121.444779483
31.2238499861 121.445601484
31.2241319861 121.446269485
31.2243349861 121.446777485
31.2247019861 121.447754486
31.2250769862 121.448736487
31.2255249862 121.449997488
31.2256969863 121.45152949
31.2256069863 121.452986491
31.2256219864 121.454564493
31.2256549864 121.455232494
31.2256599864 121.455397494
31.2256129864 121.455982494
31.2255799864 121.456884495
31.2256599865 121.458122496
31.2256399865 121.459054497
31.2255679865 121.460454499
31.2254269866 121.4616215
31.2254779866 121.462836501
31.2254499866 121.462966501
31.2252529866 121.462962501
31.2252449866 121.463064501
31.2252679866 121.463052501
31.2252229866 121.462982501
31.2248979866 121.462902501
31.2243369866 121.462989501
31.2243249866 121.462984501
31.2239479866 121.463047501
31.2238729866 121.463176501
31.2240199866 121.463887502
31.2242319867 121.464891503
31.2243129867 121.465279503
31.2243399867 121.465381503
31.2245999867 121.465672504
31.2249849867 121.465959504
31.2254849867 121.466936505
31.2255319868 121.467241505
31.2254749868 121.467319505
31.2247449868 121.467537505
31.2244999868 121.467604506
31.2242679868 121.467676506
31.2243049868 121.468056506
31.2244819868 121.468321506
31.2245269868 121.468576506
31.2246679868 121.468806507
31.2248469868 121.469269507
31.2249319868 121.469381507
31.2249479868 121.469387507
31.2249669868 121.469364507
31.2249449868 121.469404507
31.2249849868 121.469462507
31.2258929868 121.469236507
31.2259329868 121.469204507
31.2260369868 121.469237507
31.2263049868 121.469571507
31.2274419868 121.468836507
31.2283719868 121.468351506
31.2294149868 121.467701506
31.2301669868 121.467057505
31.2308149867 121.466642505
31.2315569867 121.466222504
31.2321599867 121.465664504
31.2324329867 121.465756504
31.2328899867 121.465471504
31.2329179867 121.465481504
31.2330079867 121.465391504
31.2329999867 121.464901503
31.2328279866 121.463286502
#
31.2295719881 121.511957547
31.2293979881 121.511962547
31.2292949881 121.512234548
31.2294229881 121.512742548
31.2296179881 121.513159548
31.2296649881 121.513159548
31.2297879881 121.513479549
31.2298969882 121.513932549
31.2299249882 121.514089549
31.2302149882 121.51482255
31.2305999882 121.516042551
31.2310269883 121.517317552
31.2312699883 121.517767553
31.2313479883 121.518151553
31.2311599883 121.518389553
31.2304719883 121.518222553
31.2299499883 121.518479553
31.2298419883 121.518471553
31.2297829883 121.518527553
31.2295549883 121.518544553
31.2295399883 121.518551553
31.2292299883 121.518686553
31.2291479883 121.518759554
31.2292799883 121.519306554
31.2293869883 121.519412554
31.2295669883 121.519292554
31.2298019883 121.519449554
31.2297969883 121.519559554
31.2296699883 121.519606554
31.2296469883 121.519596554
31.2295269883 121.519541554
31.2292719883 121.519497554
31.2292319883 121.519391554
31.2291649883 121.518869554
31.2292279883 121.518782554
31.2296429883 121.518392553
31.2297429883 121.518336553
31.2298569883 121.518344553
31.2299049883 121.518349553
31.2302849883 121.518344553
31.2309169883 121.518044553
31.2310569883 121.517999553
31.2311419883 121.518021553
31.2312249883 121.518011553
31.2312599883 121.517901553
31.2310629883 121.517054552
31.2308229882 121.516231551
31.2303619882 121.51527155
31.2299499882 121.51429755
31.2299819882 121.513852549
31.2300779882 121.513726549
31.2301649882 121.513652549
31.2305699881 121.513491549
31.2308319881 121.513512549
31.2310319881 121.513511549
31.2311149881 121.513512549
31.2311629881 121.513509549
31.2312099881 121.513506549
31.2312479881 121.513506549
31.2315269881 121.513451549
31.2317279881 121.513396549
31.2323329881 121.513229549
31.2325069881 121.513281549
31.2328269882 121.513779549
31.2329729882 121.514187549
31.2330319882 121.51430155
31.2331599882 121.51476755
31.2334829882 121.515571551
31.2337629882 121.516546552
31.2341079883 121.517314552
31.2344029883 121.517922553
31.2346029883 121.518319553
#
