31.1962369857 121.433687471
31.1956929857 121.434081472
31.1956879857 121.434407472
31.1961119857 121.435547473
31.1963529857 121.435957474
31.1968579858 121.436764474
31.1975879858 121.437936476
31.1985569859 121.439526477
31.1993649859 121.441194479
31.200246986 121.443277481
31.2011549861 121.445467483
31.2019979861 121.447739486
31.2027049862 121.449919488
31.2034249863 121.45202449
31.2040519863 121.454216492
31.2046029864 121.456096494
31.2050099865 121.458054496
31.2054149865 121.460172498
31.2063029866 121.4620475
31.2070619866 121.463691501
31.2073919867 121.465294503
31.2074229867 121.465447503
31.2074779867 121.465597503
31.2076779867 121.466559504
31.2079349868 121.467717505
31.2082299868 121.468997507
31.2080969868 121.469239507
31.2077669868 121.469437507
31.2065399868 121.469832507
31.2053319868 121.470217508
31.2048969868 121.470219508
31.2047749868 121.469997507
31.2045169868 121.468557506
31.2041419867 121.466941504
31.2041329867 121.466611504
31.2042169867 121.466537504
31.2050449867 121.466269504
31.2060129867 121.465769503
31.2064849867 121.465484503
31.2067819867 121.465316503
31.2072619867 121.465204503
31.2073499867 121.465316503
31.2078269867 121.466527504
31.2081829867 121.466762504
31.2096749868 121.467327505
31.2101219868 121.467766505
31.2102929868 121.468196506
31.2106549868 121.468767506
31.2109769868 121.468742506
31.2110799868 121.468717506
31.2122279868 121.468112506
31.2135229868 121.467217505
31.2150119867 121.466267504
31.2160949867 121.466094504
31.2182469867 121.466529504
31.2204819867 121.467119505
31.2222729868 121.467382505
31.2241979867 121.466756505
31.2258299867 121.465241503
31.2275129866 121.463556502
31.2295929866 121.462744501
31.2336129866 121.462492501
31.2354619866 121.4621345
#
31.2699829878 121.502019539
31.2700279878 121.502002539
31.2701819878 121.502021539
31.2703269878 121.502007539
31.2705129878 121.502002539
31.2705949878 121.501984539
31.2709069878 121.502067539
31.2709569878 121.502064539
31.2711729878 121.502082539
31.2716299878 121.502014539
31.2716999878 121.502061539
31.2719129878 121.502139539
31.2724029878 121.502014539
31.2726129878 121.502189539
31.2729419878 121.50251654
31.2734669879 121.50296254
31.2743899879 121.504342541
31.2744499879 121.504371541
31.2748929879 121.505389542
31.275281988 121.506397543
31.275589988 121.507516544
31.275622988 121.507799544
31.275752988 121.508721545
31.275866988 121.509549546
31.2760179881 121.510172547
31.2762799881 121.511099547
31.2764769881 121.511932548
31.2766899881 121.512536549
31.2766999881 121.512754549
31.2767619882 121.513032549
31.2769519882 121.51383955
31.2769929882 121.51410155
31.2770069882 121.51427655
31.2770749882 121.514482551
31.2771449882 121.514799551
31.2772869882 121.515289551
31.2775099882 121.516081552
31.2777099883 121.516842553
31.2778629883 121.517441553
31.2779029883 121.517587553
31.2781269883 121.518319554
31.2783719883 121.519037555
31.2786219883 121.519697555
31.2786729883 121.519814555
31.2786179884 121.520027556
31.2779349884 121.520389556
31.2772899884 121.520711556
31.2766979884 121.521041556
31.2759519884 121.521429557
31.2757069884 121.521522557
31.2755379884 121.521212557
31.2748519883 121.519964555
31.2743719883 121.519049555
31.2741999883 121.518717554
31.2738119883 121.518004554
31.2734499883 121.517347553
31.2732649883 121.516954553
31.2731099883 121.516719553
31.2727469882 121.516009552
31.2722219882 121.515051551
31.2717249882 121.51432655
31.2710749882 121.51351955
31.2703599881 121.512832549
31.2699549881 121.512471549
31.2696379881 121.512121548
31.2694129881 121.511956548
31.2691399881 121.511987548
31.2690819881 121.512046548
31.2687069881 121.512347548
31.2681949881 121.512797549
31.2678579881 121.513097549
31.2676199882 121.513357549
31.2668769882 121.51403955
31.2666779882 121.51417455
31.2666149882 121.51415955
31.2662449882 121.513494549
31.2659169881 121.512619549
31.2658779881 121.512519549
31.2652899881 121.511464548
31.2645869881 121.510522547
31.2640899881 121.509987546
31.263489988 121.509221546
31.263019988 121.508674545
31.262999988 121.508626545
31.262537988 121.508304545
31.261914988 121.507271544
#
