31.2062419862 121.450634489
31.2062569862 121.450729489
31.2063129862 121.450792489
31.2064779863 121.451567489
31.2067799863 121.45248149
31.2070499863 121.453356491
31.2072699863 121.454042492
31.2076519864 121.454869493
31.2079199864 121.455751494
31.2081899864 121.456636495
31.2082769864 121.457052495
31.2083599864 121.457152495
31.2092299865 121.459579497
31.2094849865 121.460074498
31.2097169865 121.460687499
31.2097599865 121.460687499
31.2098049865 121.460824499
31.2097969865 121.460879499
31.2098249866 121.460887499
31.2099469866 121.461214499
31.2100649866 121.461412499
31.2102729866 121.4617145
31.2103079866 121.4620025
31.2104449866 121.4619965
31.2107979866 121.4626095
31.2108399866 121.4626615
31.2111819866 121.463244501
31.2113119866 121.463349501
31.2112769866 121.463584501
31.2114429867 121.464232502
31.2116879867 121.464867503
31.2117969867 121.465129503
31.2119649867 121.465389503
31.2120219867 121.465424503
31.2122419867 121.466132504
31.2123079867 121.466181504
31.2124019867 121.466541504
31.2124529867 121.466607504
31.2125119867 121.466651504
31.2126119868 121.467257505
31.2128779868 121.467431505
31.2130449868 121.468281506
31.2132579868 121.468876507
31.2135769868 121.469459507
31.2138049869 121.470532508
31.2141179869 121.471011509
31.2139949869 121.471222509
31.2133229869 121.471326509
31.2125419869 121.471467509
31.2123849869 121.471539509
31.2123019869 121.471437509
31.2122029869 121.471446509
31.2117949869 121.471659509
31.2115429869 121.471797509
31.2113849869 121.471876509
31.2112969869 121.471946509
31.2112599869 121.47226651
31.2115749869 121.473467511
31.211786987 121.474401512
31.211794987 121.474452512
31.211956987 121.474916512
31.212401987 121.475792513
31.212886987 121.476521514
31.2131429871 121.477264515
31.2131269871 121.477386515
31.2130429871 121.477469515
31.2124029871 121.477769515
31.2118499871 121.478041515
31.2117779871 121.478024515
31.2114899871 121.478202515
31.2114469871 121.478152515
31.2115629871 121.478052515
31.2115369871 121.478077515
31.2114419871 121.478101515
31.2112869871 121.478234516
31.2111399871 121.478254516
31.2110799871 121.478312516
31.2110069871 121.478541516
31.2109899871 121.479262516
31.2110519871 121.479291517
31.2111129871 121.479501517
31.2113219871 121.479559517
31.2113649871 121.479517517
31.2113799871 121.479491517
31.2115149871 121.479529517
31.2117079871 121.479676517
31.2117829871 121.479921517
31.2119129871 121.480034517
31.2119119872 121.480156517
31.2118419872 121.480277517
31.2118469872 121.480311517
31.2118629872 121.480311517
31.2118199872 121.480382518
31.2119579872 121.480297517
31.2120149872 121.480499518
31.2121599872 121.480347518
31.2122979871 121.479417517
#
31.2332979872 121.481771519
31.2333119872 121.48205452
31.2333399872 121.48205452
31.2334699872 121.48204652
31.2345369872 121.481787519
31.2358419872 121.481426519
31.2363319872 121.481344519
31.2364779872 121.481302519
31.2373049872 121.481051519
31.2384819872 121.480744518
31.2394049872 121.480417518
31.2396529872 121.480339518
31.2396969872 121.480424518
31.2397069872 121.480767519
31.2397469872 121.480714518
31.2396379872 121.480512518
31.2396149872 121.480484518
31.2394049872 121.480364518
31.2390649872 121.480491518
31.2383429872 121.480759518
31.2374679872 121.481044519
31.2365599872 121.481286519
31.2357019872 121.481491519
31.2347829872 121.481702519
31.2339179872 121.481857519
31.2333949872 121.481942519
31.2333569872 121.481874519
31.2333979872 121.481141519
31.2333999872 121.480139518
31.2332029871 121.479121517
31.2328799871 121.478036516
31.2323129871 121.476852515
31.231617987 121.475621513
31.230906987 121.474327512
31.2302049869 121.473022511
31.2293369869 121.47170451
31.2286129868 121.470231508
31.2279449868 121.468631507
31.2272319867 121.466911505
31.2264879867 121.465097503
31.2258629866 121.463077501
31.2257999866 121.460859499
31.2258719865 121.458574497
31.2258529864 121.456629495
31.2258299864 121.454554493
31.2258069863 121.452479491
31.2257399862 121.450562489
31.2251979862 121.448779487
31.2245079861 121.446987485
31.2238169861 121.445191484
31.223169986 121.443179482
31.2228299859 121.440951479
31.2220049858 121.438882477
31.2212929858 121.436792475
31.2205549857 121.434794473
31.2192699857 121.433069471
31.2184719856 121.43204747
31.2185099856 121.43145447
31.2183699856 121.431209469
31.2169419855 121.429436468
31.2159049855 121.427862466
31.2149919854 121.426304464
31.2134679854 121.425202463
31.2122299854 121.424116462
31.2119499853 121.42217946
31.2116949852 121.420169458
31.2112729852 121.418262456
31.2108049851 121.416042454
31.210379985 121.413786451
31.2099449849 121.411646449
31.2094029849 121.409601447
31.2084029848 121.407901445
31.2073119847 121.406351443
31.2061069847 121.404662442
31.2049379846 121.40306944
31.2037729846 121.401284438
31.2030599845 121.399136436
31.2024849844 121.396874433
31.2019369843 121.394599431
31.2012919843 121.392337428
31.2003599842 121.390397426
31.1994819841 121.388817425
31.1985799841 121.387206423
31.197636984 121.385619421
31.196952984 121.38453442
#
31.196901984 121.38409742
31.196884984 121.383999419
31.1966379839 121.383709419
31.1962029839 121.383649419
31.1959519839 121.383772419
31.195792984 121.383847419
31.195632984 121.383922419
31.195444984 121.384016419
31.195169984 121.38419642
31.195011984 121.38431242
31.194917984 121.38437642
31.194891984 121.38440242
31.194771984 121.38448642
31.194552984 121.38459242
31.194529984 121.38460742
31.194269984 121.38479742
31.193821984 121.385121421
31.193059984 121.385681421
31.192107984 121.386309422
31.1909069841 121.387004423
31.1896649841 121.387596423
31.1883529841 121.388057424
31.1871119841 121.388507424
31.1859699841 121.388959425
31.1849499841 121.389352425
31.1849029841 121.389461425
31.1849399842 121.389644425
31.1850229842 121.389726425
31.1851449842 121.389729425
31.1859449841 121.389449425
31.1869699841 121.389069425
31.1880329841 121.388697424
31.1884729841 121.388537424
31.1885819841 121.388536424
31.1886919841 121.388617424
31.1889669841 121.389416425
31.1892529842 121.390214426
31.1895919842 121.391151427
31.1899019842 121.392224428
31.1902129843 121.393151429
31.1902179843 121.393264429
31.1903779843 121.393366429
31.1904749843 121.393376429
31.1911479843 121.393079429
31.1920249843 121.392749429
31.1931329843 121.392474428
31.1937179843 121.392331428
31.1939669843 121.392294428
31.1942279842 121.392202428
31.1942899842 121.392191428
31.1943419842 121.392182428
31.1944949842 121.392052428
31.1945679842 121.392031428
31.1951019842 121.391902428
31.1954929842 121.391751428
31.1957219842 121.391621428
31.1957399842 121.391506427
31.1956949842 121.390966427
31.1955969842 121.390422426
31.1954829842 121.389827426
31.1955319842 121.389689426
31.1956699842 121.389592425
31.1960299842 121.389446425
31.1966799841 121.389239425
31.1970629841 121.389032425
31.1976499841 121.388826425
31.1984449841 121.388609424
31.1986699841 121.388619424
31.1989829841 121.388469424
31.1991179841 121.388321424
31.1990549841 121.387817424
31.1987819841 121.386831423
31.198046984 121.385611421
#
31.2333769871 121.479506517
31.2331149871 121.478686516
31.2330469871 121.478022516
31.2329479871 121.477787516
31.2329849871 121.477672515
31.2328919871 121.477502515
31.2326429871 121.477119515
31.232121987 121.476289514
31.231786987 121.475446513
31.231881987 121.475296513
31.232134987 121.475254513
31.232697987 121.474769513
31.233136987 121.474436512
31.233564987 121.474132512
31.233866987 121.473886512
31.234107987 121.473834512
31.234421987 121.473622512
31.234724987 121.473449511
31.2348849869 121.473326511
31.2350279869 121.473161511
31.2351169869 121.473137511
31.2351049869 121.473056511
31.2350269869 121.473012511
31.2350199869 121.473026511
31.2350019869 121.473086511
31.234997987 121.473436511
31.235504987 121.474172512
31.235599987 121.474381512
31.236001987 121.475117513
31.236127987 121.475427513
31.236129987 121.475579513
31.235784987 121.475899514
31.235722987 121.476019514
31.235514987 121.476274514
31.235339987 121.476301514
31.235207987 121.476111514
31.235026987 121.475711514
31.234659987 121.475059513
31.234154987 121.473767512
31.2335649869 121.47224651
31.2329029869 121.471317509
31.2321199868 121.470049508
31.2312049868 121.468702507
31.2304279868 121.467402505
31.2302769868 121.467012505
31.2303519867 121.466857505
31.2304769867 121.466637505
31.2301829867 121.466054504
31.2301129867 121.465969504
31.2298019867 121.465492504
31.2296319867 121.464959503
31.2296449867 121.464461503
31.2296049866 121.463507502
31.2296129866 121.462957501
31.2297669866 121.462832501
31.2302179866 121.462767501
31.2313919866 121.462762501
31.2325449866 121.462647501
31.2332599866 121.462509501
31.2342119866 121.462252501
31.2393819865 121.460171499
31.2413969865 121.459259498
31.2433229865 121.458449497
31.2450519865 121.457831496
31.2515949865 121.458917498
31.2534799865 121.459176498
31.2552219865 121.459232498
31.2571069865 121.459177498
31.2588299865 121.459116498
31.2604369865 121.458627498
31.2618919865 121.457716497
31.2632699864 121.456476496
31.2646949864 121.455637495
31.2661329864 121.455116494
31.2677399864 121.454492494
31.2692919863 121.453772493
31.2707219863 121.452974492
31.2721069863 121.452077491
31.2728269863 121.451619491
31.2729099863 121.451556491
31.2734199863 121.451157491
31.2743169862 121.45049249
31.2754299862 121.449789489
31.2765449862 121.449246489
31.2778249862 121.448711488
31.2790719862 121.448116488
31.2801729862 121.447866487
31.2804049862 121.447884487
31.2808049862 121.447936487
31.2810129862 121.447932487
31.2812329862 121.447654487
31.2812449861 121.447307487
31.2812399861 121.446342486
31.2811869861 121.445136485
31.281214986 121.443644483
31.281216986 121.442947483
31.281209986 121.442871482
31.281066986 121.442059482
31.2807869859 121.44062148
31.2805049859 121.439211479
31.2801769858 121.437996478
31.2797499858 121.436889476
31.2792619858 121.435902475
31.2790599858 121.435421475
31.2791179857 121.435232475
31.2791599857 121.435079475
31.2793929857 121.434894474
31.2795279857 121.434792474
31.2797769857 121.434627474
31.2803199857 121.434204474
31.2803799857 121.434137474
31.2803749857 121.434034474
31.2803599857 121.433996474
31.2801249857 121.433807473
31.2802099857 121.433967474
31.2804079857 121.434134474
31.2803969857 121.434252474
31.2797419857 121.434746474
31.2791879857 121.435047475
31.2790619858 121.435282475
31.2789379858 121.435432475
31.2788769858 121.435374475
31.2786399857 121.434931474
31.2783749857 121.434434474
31.2780749857 121.433834473
31.2776799857 121.433072473
31.2773319857 121.432354472
31.2769969856 121.431781471
31.2767929856 121.431397471
31.2766949856 121.431216471
31.2765569856 121.43105947
31.2764329856 121.43105247
31.2761299856 121.431304471
31.2755229856 121.431867471
31.2748729857 121.432472472
31.2741299857 121.433176473
31.2734149857 121.433827473
31.2730369857 121.434214474
31.2729729857 121.434279474
31.2729029857 121.434464474
31.2729269857 121.434614474
31.2733619857 121.435202475
31.2738869858 121.435864475
31.2747729858 121.436972476
31.2754749858 121.437829477
31.2761029859 121.438656478
31.2761429859 121.438854478
31.2760529859 121.438982478
31.2748729859 121.439639479
31.2740329859 121.44078948
31.273766986 121.441442481
31.273521986 121.441954481
31.273166986 121.442756482
#
