31.196901984 121.38409742
31.196884984 121.383999419
31.1966379839 121.383709419
31.1962029839 121.383649419
31.1959519839 121.383772419
31.195792984 121.383847419
31.195632984 121.383922419
31.195444984 121.384016419
31.195169984 121.38419642
31.195011984 121.38431242
31.194917984 121.38437642
31.194891984 121.38440242
31.194771984 121.38448642
31.194552984 121.38459242
31.194529984 121.38460742
31.194269984 121.38479742
31.193821984 121.385121421
31.193059984 121.385681421
31.192107984 121.386309422
31.1909069841 121.387004423
31.1896649841 121.387596423
31.1883529841 121.388057424
31.1871119841 121.388507424
31.1859699841 121.388959425
31.1849499841 121.389352425
31.1849029841 121.389461425
31.1849399842 121.389644425
31.1850229842 121.389726425
31.1851449842 121.389729425
31.1859449841 121.389449425
31.1869699841 121.389069425
31.1880329841 121.388697424
31.1884729841 121.388537424
31.1885819841 121.388536424
31.1886919841 121.388617424
31.1889669841 121.389416425
31.1892529842 121.390214426
31.1895919842 121.391151427
31.1899019842 121.392224428
31.1902129843 121.393151429
31.1902179843 121.393264429
31.1903779843 121.393366429
31.1904749843 121.393376429
31.1911479843 121.393079429
31.1920249843 121.392749429
31.1931329843 121.392474428
31.1937179843 121.392331428
31.1939669843 121.392294428
31.1942279842 121.392202428
31.1942899842 121.392191428
31.1943419842 121.392182428
31.1944949842 121.392052428
31.1945679842 121.392031428
31.1951019842 121.391902428
31.1954929842 121.391751428
31.1957219842 121.391621428
31.1957399842 121.391506427
31.1956949842 121.390966427
31.1955969842 121.390422426
31.1954829842 121.389827426
31.1955319842 121.389689426
31.1956699842 121.389592425
31.1960299842 121.389446425
31.1966799841 121.389239425
31.1970629841 121.389032425
31.1976499841 121.388826425
31.1984449841 121.388609424
31.1986699841 121.388619424
31.1989829841 121.388469424
31.1991179841 121.388321424
31.1990549841 121.387817424
31.1987819841 121.386831423
31.198046984 121.385611421
#
31.2316449882 121.516649552
31.2317049882 121.516751552
31.2319029882 121.516701552
31.2318899882 121.516724552
31.2318329883 121.517586553
31.2313679883 121.518139553
31.2312999883 121.518437553
31.2314899883 121.519122554
31.2316629883 121.519739554
31.2318619883 121.520496555
31.2315279884 121.521381556
31.2308599884 121.522517557
31.2302229884 121.523612558
31.2297629885 121.524436559
31.2298449885 121.524599559
31.2288269885 121.52605956
31.2282699885 121.526966561
31.2277049886 121.527991562
31.2271429886 121.529104563
31.2263279886 121.530404564
31.2255629887 121.531689565
31.2250899887 121.532492566
31.2248899887 121.532902566
31.2246099887 121.533359567
31.2243619887 121.533672567
31.2242169887 121.533664567
31.2234369887 121.532936566
31.2223199887 121.532192565
31.2199919887 121.531399565
31.2186479886 121.530904564
31.2177029886 121.530537564
31.2173429886 121.530389564
31.2169699886 121.530229564
31.2166429886 121.530141564
31.2165429886 121.530186564
31.2161929886 121.531209564
31.2158519887 121.532359565
31.2155399887 121.533381566
31.2152649887 121.534466567
31.2151169888 121.534921568
31.2147069888 121.536366569
31.2143749888 121.53702957
31.2140719888 121.53712957
31.2127519888 121.536742569
31.2114329888 121.536334569
31.2113119888 121.536436569
31.2111479888 121.53721657
31.2108519888 121.53809757
31.2105799889 121.539036571
31.2104049889 121.539951572
31.2103419889 121.540529573
31.2103149889 121.540669573
31.2103519889 121.541226573
31.2103779889 121.541704574
31.210536989 121.542686574
31.210662989 121.543481575
31.210802989 121.544229576
31.210812989 121.544334576
31.210989989 121.545434577
31.2110999891 121.546142578
31.2111699891 121.546621578
31.2112719891 121.547331579
31.2113569891 121.548294579
31.2114349891 121.54937758
31.2115929892 121.550331581
31.2117029892 121.551161582
31.2118819892 121.552102583
31.2121179893 121.553304584
31.2122879893 121.554321585
31.2123919893 121.555041585
31.2124699893 121.555522586
31.2125429893 121.555786586
31.2125719893 121.555847586
31.2127119893 121.556544587
31.2127869894 121.557181587
#
