31.2113369859 121.44179148
31.2113229859 121.44181948
31.2117149859 121.44211148
31.211912986 121.442754481
31.212512986 121.443439482
31.213377986 121.444099482
31.213834986 121.444491483
31.214219986 121.444977483
31.214499986 121.445007483
31.215172986 121.444714483
31.215799986 121.444459483
31.216136986 121.444246482
31.216164986 121.444201482
31.216781986 121.443999482
31.216864986 121.443944482
31.216907986 121.443951482
31.217289986 121.443759482
31.217351986 121.443779482
31.218096986 121.443497482
31.218329986 121.443442482
31.218656986 121.443272481
31.219482986 121.442731481
31.220112986 121.442254481
31.2204749859 121.44165248
31.2213749859 121.44140748
31.2217149859 121.44131248
31.2219449859 121.44127248
31.2219729859 121.44123248
31.2225329859 121.441174479
31.2226879859 121.44122648
31.222824986 121.44214648
31.223022986 121.443342482
31.223432986 121.444647483
31.2239979861 121.445914484
31.2244179861 121.446834485
31.2247019861 121.447584486
31.2251749862 121.448706487
31.2255869862 121.449804488
31.2257999862 121.45123949
31.2258469863 121.452772491
31.2258829864 121.454499493
31.2258569864 121.456304495
31.2259149865 121.457949496
31.2258949865 121.459491498
31.2257519866 121.461062499
31.2257869866 121.462786501
31.2261919867 121.464371502
31.2267269867 121.465786504
31.2272949868 121.467094505
31.2277949868 121.468272506
31.2284329868 121.469679508
31.2289919869 121.471107509
31.2297299869 121.47223951
31.2302479869 121.473126511
31.230836987 121.474217512
31.231477987 121.475484513
31.2321699871 121.476767515
31.2327699871 121.478209516
31.2331669871 121.479876518
31.2331179872 121.481491519
31.2330079872 121.48197152
31.2330499872 121.48288452
31.2336599873 121.483866521
31.2339899873 121.485009522
31.2346369873 121.486096523
#
31.2319899875 121.490642528
31.2313529875 121.491394528
31.2303979875 121.492479529
31.2294849876 121.49354453
31.2287379876 121.494352531
31.2281849876 121.494902532
31.2274979876 121.495529532
31.2264229876 121.496492533
31.2254849877 121.497492534
31.2245569877 121.498446535
31.2241469877 121.498822535
31.2238729877 121.499217536
31.2233229877 121.499572536
31.2223269878 121.500074536
31.2213919878 121.500467537
31.2205999878 121.500729537
31.2196949878 121.500951537
31.2187819878 121.501237537
31.2182249878 121.501607538
31.2174629878 121.502129538
31.2163719878 121.502269538
31.2152979878 121.501804538
31.2132319877 121.499404535
31.2122649877 121.497991534
31.2115399876 121.496486533
31.2110229876 121.496104532
31.2098429876 121.496127532
31.2093719876 121.496536533
31.2090869877 121.497144533
31.2091729877 121.497887534
31.2095469877 121.498429535
31.2100629877 121.498664535
31.2107149877 121.498422535
31.2111169877 121.497861534
31.2111979877 121.497106533
31.2109479876 121.496409533
31.2104519876 121.495997532
31.2097549876 121.495957532
31.2091969876 121.496339533
31.2087079877 121.497324533
31.2082699877 121.498379534
31.2078119877 121.499684536
31.2073199878 121.501242537
31.2068329878 121.502669538
31.2058649879 121.505322541
31.2053769879 121.506686542
31.204841988 121.508109543
31.204376988 121.509602545
31.2040499881 121.511061546
31.2037119881 121.512551547
31.2033499882 121.514146549
31.2029779882 121.51577255
31.2025079883 121.517394552
31.2021219883 121.519191553
31.2018219883 121.520642555
31.2015819884 121.521702556
31.2012529884 121.523071557
31.2008529885 121.524566558
31.2004549885 121.52613256
31.2001329885 121.527796561
31.1998249886 121.529116562
31.1994669886 121.530856564
31.1993199887 121.532821566
31.1993069887 121.534684567
31.1995399888 121.536487569
31.1998569888 121.53829157
#
31.2063069892 121.552334583
31.2060279892 121.551272582
31.2056749892 121.550082581
31.2052599891 121.54882958
31.2046269891 121.547584579
31.2039119891 121.546176577
31.203131989 121.544706576
31.202649989 121.543724575
31.202497989 121.543381575
31.202057989 121.542649574
31.2014179889 121.541376573
31.2008319889 121.540061572
31.2004029889 121.538699571
31.2000219888 121.537071569
31.1997179888 121.535382568
31.1996369887 121.533666566
31.1997199887 121.531979565
31.2000079886 121.530387563
31.2003049886 121.528907562
31.2006149885 121.527434561
31.2008329885 121.525747559
31.2010319884 121.523864558
31.2013219884 121.523059557
31.2016249884 121.522422556
31.2019369884 121.521511556
31.2022579883 121.520336554
31.2025529883 121.518759553
31.2028349883 121.517554552
31.2030869882 121.516367551
31.2033099882 121.51497155
31.2036219881 121.513642548
31.2039619881 121.512214547
31.2042649881 121.510847546
31.204561988 121.509569545
31.204947988 121.508259544
31.2054269879 121.506912542
31.2059429879 121.505531541
31.2064869879 121.50402154
31.2070679878 121.502437538
31.2076249878 121.500939537
31.2081619877 121.499382535
31.2087069877 121.497867534
31.2092179876 121.496586533
31.2097179876 121.496146532
31.2100519876 121.496086532
31.2106269876 121.496289533
31.2110219877 121.496851533
31.2110869877 121.497577534
31.2107879877 121.498229534
31.2102219877 121.498542535
31.2097119877 121.498464535
31.2093349877 121.498027534
31.2092429877 121.497427534
31.2094599877 121.496859533
31.2100019876 121.496434533
31.2101029876 121.496437533
31.2108679877 121.496817533
31.2113669877 121.497667534
31.2113249877 121.498092534
31.2111879877 121.498241534
31.2106249877 121.498407535
31.2100549877 121.498221534
31.2096269877 121.497609534
31.2096579877 121.497226533
31.2098299876 121.496576533
31.2098269876 121.496489533
31.2100819876 121.495209532
31.2099379876 121.494477531
31.2092399875 121.49319753
31.2084679875 121.491939528
31.2078379875 121.491131528
31.2071949875 121.490329527
31.2070899875 121.490217527
31.2069099875 121.490159527
31.2068369874 121.490052527
31.2064649874 121.489457526
31.2063899874 121.489414526
31.2058399874 121.488634525
31.2053979874 121.487814524
31.2048219874 121.487024524
31.2043049873 121.486202523
31.2042219873 121.485694522
31.2041769873 121.485669522
31.2040929873 121.485517522
31.2040819873 121.485472522
31.2040179873 121.485466522
#
31.2105379868 121.468282506
31.2101719868 121.468482506
31.2090799868 121.468832506
31.2079419868 121.469291507
31.2065519868 121.469639507
31.2051729868 121.470207508
31.2062649869 121.473707511
31.206366987 121.473854511
31.206487987 121.473912511
31.206852987 121.473737511
31.2071099869 121.473557511
31.2073629869 121.473431511
31.2072479869 121.473486511
31.2067999869 121.473689511
31.206734987 121.473727511
31.206552987 121.473821511
31.206179987 121.474011511
31.205522987 121.474342512
31.205017987 121.474459512
31.204982987 121.474464512
31.204841987 121.474536512
31.204941987 121.474501512
31.205426987 121.474352512
31.205749987 121.474216512
31.206172987 121.474014511
31.206272987 121.474034511
31.206416987 121.474157512
31.206809987 121.474971512
31.207284987 121.476012513
31.207749987 121.476826514
31.2080749871 121.477901515
31.2083799871 121.478819516
31.2087449871 121.479946517
31.2089449872 121.480684518
31.2092749872 121.481814519
31.2094979872 121.48263652
31.2095479872 121.48282452
31.2097519873 121.48350152
31.2099649873 121.484211521
31.2102219873 121.485107522
31.2106279873 121.486337523
31.2109279874 121.486974524
31.2110579874 121.486972524
31.2118829873 121.486512523
31.2128279873 121.485997523
31.2136079873 121.485604523
31.2141149873 121.485442522
31.2141999873 121.485542523
31.2143899874 121.486886524
31.2144799874 121.487606524
31.2145569874 121.488457525
31.2146119874 121.489526526
31.2147399875 121.490622527
31.2147369875 121.491137528
31.2146499875 121.491192528
31.2141879875 121.491281528
31.2135829875 121.491512528
31.2130519875 121.491682528
31.2124599875 121.491664528
31.2117049875 121.491621528
31.2110279875 121.491559528
#
31.2392379868 121.469114507
31.2398499868 121.468929507
31.2408569868 121.468501507
31.2419079868 121.467836506
31.2428049868 121.467289506
31.2436079868 121.467074505
31.2439999868 121.467054505
31.2446549868 121.466967505
31.2452669868 121.466832505
31.2455929867 121.466711505
31.2461699867 121.466672505
31.2466369867 121.466681505
31.2468049867 121.466666505
31.2469719867 121.466644505
31.2470149867 121.466631505
31.2470269867 121.466656505
31.2475499867 121.466456505
31.2485149867 121.466089505
31.2488069867 121.465989505
31.2492779867 121.465367504
31.2506079867 121.465366504
31.2516729867 121.465046504
31.2521269867 121.464859503
31.2524299867 121.464842503
31.2531149867 121.464727503
31.2540019867 121.464581503
31.2551929867 121.464347503
31.2564319867 121.464077503
31.2575869867 121.463614502
31.2585819866 121.463159502
31.2591419866 121.462971502
31.2595049866 121.462912502
31.2602899866 121.462859502
31.2613819866 121.462779502
31.2624899866 121.462509501
31.2636179866 121.462036501
31.2645849866 121.461561501
31.2651099866 121.4612665
31.2657829866 121.4608715
31.2666969866 121.460397499
31.2677129865 121.459809499
31.2686519865 121.459286498
31.2686519865 121.459259498
31.2689849865 121.459119498
31.2690349865 121.459052498
31.2693099865 121.458914498
31.2693819865 121.458951498
31.2695669865 121.459279498
31.2700199865 121.460032499
31.2705279866 121.4609075
31.2708949866 121.4613565
31.2709629866 121.461442501
31.2710799866 121.461522501
31.2710319866 121.461517501
31.2706729866 121.4610465
31.2701449865 121.460147499
31.2696329865 121.459289498
31.2682299865 121.457174496
31.2676919864 121.456246495
31.2672349864 121.455454495
31.2671099864 121.454906494
31.2671699864 121.454611494
31.2687799864 121.454274493
31.2687779864 121.454274493
31.2687049864 121.454226493
31.2687899864 121.454042493
#
31.2682279853 121.422106461
31.2684229853 121.422207461
31.2689169853 121.422164461
31.2689679853 121.422164461
31.2695279853 121.422224461
31.2700569853 121.422431462
31.2705379853 121.422696462
31.2710699853 121.423002462
31.2715299854 121.423292462
31.2716899854 121.423427463
31.2717049854 121.423576463
31.2715879854 121.424119463
31.2716779854 121.424404464
31.2721219854 121.424487464
31.2725219854 121.424582464
31.2726129854 121.424581464
31.2725029854 121.424594464
31.2719279854 121.424429464
31.2715919854 121.424309464
31.2715769854 121.424231463
31.2716349854 121.423976463
31.2716579854 121.423856463
31.2717079854 121.423396463
31.2715519853 121.423232462
31.2707819853 121.422794462
31.2700449853 121.422381462
31.2691219853 121.422124461
31.2681979853 121.422219461
31.2673119853 121.422406461
31.2670229853 121.422364461
31.2669629853 121.422254461
31.2668129853 121.42138746
31.2666579853 121.420389459
31.2665169852 121.419526458
31.2664949852 121.418981458
31.2664829852 121.418426457
31.2663729852 121.418102457
31.2662129852 121.418009457
31.2651529852 121.417916457
31.2638169852 121.417814457
31.2623279852 121.417661456
31.2609049852 121.417512456
31.2596129851 121.417362456
31.2587369851 121.417267456
31.2585049851 121.417239456
31.2579379851 121.417182456
31.2570229851 121.417206456
31.2561519851 121.417334456
31.2553619851 121.417439456
31.2545919852 121.417626456
31.2537879852 121.418111457
31.2530279852 121.418626457
31.2524519852 121.419006458
31.2522719852 121.419116458
31.2517129852 121.419476458
31.2510579852 121.419866458
31.2503199852 121.420292459
31.2497569853 121.420654459
31.2489579853 121.42111146
31.2482849853 121.42152746
31.2477399853 121.42182946
31.2474919853 121.42187646
31.2473499853 121.42167646
31.2469629852 121.420597459
31.2467929852 121.420164459
31.2465279852 121.419679458
31.2461069852 121.418971457
31.2455779852 121.418096457
31.2449319851 121.416999455
31.2444479851 121.416086454
31.2442249851 121.415634454
31.2439369851 121.414941453
31.243871985 121.414694453
31.243391985 121.414054452
31.242837985 121.413211451
31.242246985 121.412347451
31.2415849849 121.41157145
31.2408329849 121.410852449
31.2399529849 121.410136448
31.2390399849 121.409481447
31.2379269848 121.408679447
31.2368529848 121.407816446
31.2356419848 121.406914445
31.2342349848 121.406137444
31.2332199847 121.405746443
31.2331479847 121.405659443
#
31.2850269869 121.471844511
31.2849469869 121.471941511
31.2848719869 121.472509512
31.284772987 121.473347512
31.284632987 121.474409513
31.284509987 121.475347514
31.2843919871 121.476181515
31.2842999871 121.476807516
31.2841549871 121.477659516
31.2840669871 121.478234517
31.2839099871 121.478287517
31.2834829871 121.478259517
31.2832079871 121.478259517
31.2828869871 121.478267517
31.2825379871 121.478374517
31.2823299871 121.478557517
31.2822079872 121.479344518
31.2820499872 121.480149519
31.2818279872 121.48104752
31.2816869872 121.48143752
31.2815929872 121.48146152
31.2809999872 121.48125952
31.2802749872 121.48097252
31.2796879872 121.480526519
31.2793619872 121.479824518
31.2789299872 121.479544518
31.2779749872 121.479577518
31.2774469872 121.479679518
31.2773279872 121.479826518
31.2773219872 121.479972519
31.2776869872 121.480772519
31.2777919872 121.48109652
31.2777319872 121.48117452
31.2770279872 121.48156752
31.2759869872 121.48199752
31.2750269872 121.482194521
31.2744629872 121.482276521
31.2743749872 121.482292521
31.2739049872 121.482374521
31.2734599872 121.482496521
31.2726629873 121.482922521
31.2715879873 121.483361522
31.2706949873 121.483501522
31.2704069873 121.483557522
31.2699669873 121.483622522
31.2697079873 121.483676522
31.2693049873 121.483814522
31.2687729873 121.484072522
31.2679449873 121.484536523
31.2668329873 121.485091523
31.2662069873 121.485602524
31.2659919874 121.486136524
31.2657579874 121.486109524
31.2649279873 121.485721524
31.2646069873 121.485579524
31.2636529873 121.485164523
31.2626779873 121.484739523
31.2616419873 121.484306522
31.2605869873 121.484162522
31.2601079873 121.484147522
31.2599719873 121.484224522
31.2598819873 121.484431522
31.2597869873 121.485042523
31.2597099873 121.485771524
31.2595829874 121.486817525
31.2594279874 121.487996526
31.2593199874 121.488651526
31.2590469874 121.489294527
31.2587129875 121.489971528
31.2583329875 121.490787528
31.2576399875 121.491701529
31.2564799875 121.49278453
#
31.2495879871 121.476897515
31.2497379871 121.476746515
31.249722987 121.476432515
31.249211987 121.475216513
31.248617987 121.473482512
31.2480529869 121.47153651
31.2475679868 121.469744508
31.2473379868 121.468579507
31.2472229868 121.467997506
31.2469999868 121.466929505
31.2467129867 121.465559504
31.2464629867 121.464396503
31.2464669867 121.463834502
31.2465079867 121.463709502
31.2464679866 121.463561502
31.2462729866 121.463072502
31.2462879866 121.462557501
31.2463679866 121.4613915
31.2466029865 121.459974499
31.2468269865 121.459104498
31.2469549865 121.458866498
31.2476619865 121.457859497
31.2475919865 121.457436496
31.2476229864 121.456534495
31.2480319864 121.455127494
31.2479849863 121.453391492
31.2479069863 121.452831492
31.2479599863 121.452004491
31.2479249863 121.45150449
31.2479229862 121.450302489
31.2478149862 121.448866488
31.2475799861 121.447284486
31.2474219861 121.446157485
31.247184986 121.444589483
31.246994986 121.443089482
31.246712986 121.441796481
31.2465919859 121.44080148
31.2464919859 121.440324479
31.2464779859 121.440357479
31.2468479859 121.440166479
31.2469179859 121.440167479
31.2472619859 121.440014479
31.2473679859 121.439999479
31.2474579859 121.439994479
31.2474949859 121.439996479
31.2478329859 121.439942479
31.2478849859 121.439939479
31.2483319859 121.439896479
31.2486179859 121.439802479
31.2488279859 121.439881479
31.2487929859 121.440389479
31.2486799859 121.440602479
31.2483679859 121.44123948
31.2482169859 121.44157148
31.2482519859 121.44154648
31.2482979859 121.44148648
31.2485729859 121.44084948
31.2487719859 121.440482479
31.2488129859 121.440421479
31.2488799859 121.440032479
31.2489519859 121.439872479
31.2493879859 121.439722479
31.2499599859 121.439541478
31.2500449859 121.439517478
31.2506099859 121.439446478
31.2516019859 121.439326478
31.2524969859 121.439159478
31.2529529859 121.439126478
31.2532829859 121.438937478
31.2544299858 121.438144477
31.2552819858 121.437506477
31.2553549858 121.437404476
31.2556479858 121.436856476
31.2564449858 121.436659476
31.2564949858 121.436607476
31.2567599858 121.436717476
31.2567349858 121.436577476
31.2566999858 121.436514476
31.2566229858 121.435921475
31.2562629857 121.435219474
31.2558329857 121.433727473
31.2553699857 121.432766472
31.2553529857 121.432637472
31.2557929857 121.432542472
31.2559479857 121.432614472
31.2564099857 121.433759473
31.2570799857 121.435464475
31.2576879858 121.437017476
31.2582829859 121.438566478
31.2589049859 121.440262479
31.2590269859 121.44111448
31.2591049859 121.44133248
31.2591279859 121.44136948
31.2591079859 121.441417481
31.2591149859 121.441477481
31.259062986 121.441816481
31.259316986 121.443009482
31.259289986 121.443707483
31.259376986 121.443919483
31.259337986 121.444061483
31.259386986 121.444197483
31.259457986 121.444344483
31.259476986 121.444384484
31.2595269861 121.444724484
31.2597349861 121.444879484
31.2599519861 121.444944484
31.2604169861 121.444976484
31.261419986 121.444221483
31.262439986 121.443437483
31.263177986 121.442899482
#
31.2440299851 121.414994453
31.243736985 121.414731453
31.243424985 121.414222452
31.242822985 121.413226451
31.241996985 121.41198645
31.2414819849 121.41140145
31.2411919849 121.411149449
31.2408199849 121.410809449
31.2401419849 121.410264448
31.2394369849 121.409757448
31.2387319849 121.409226447
31.2378099848 121.408579446
31.2366069848 121.407699446
31.2352149848 121.406762445
31.2336679847 121.406036444
31.2321079847 121.405611443
31.2305849847 121.405457443
31.2289729847 121.405844443
31.2273619848 121.406327444
31.2258319848 121.406261444
31.2243319847 121.406091444
31.2226969847 121.405961443
31.2210529847 121.405916443
31.2193469847 121.406102443
31.2177219848 121.406399444
31.2162279848 121.406941444
31.2149169848 121.407641445
31.2144319848 121.407707445
31.2143999848 121.407597445
31.2143999848 121.406564444
31.2144769847 121.405236442
31.2147349847 121.403792441
31.2147729846 121.403427441
31.2145429847 121.403457441
31.2137069846 121.40330444
31.2135179846 121.40328744
31.2134429846 121.40336444
31.2125869846 121.40302744
31.2125629846 121.40282244
31.2127469846 121.401626439
31.2129399845 121.400371437
31.2130819845 121.399234436
31.2132429845 121.398099435
31.2133969844 121.396827434
31.2135199844 121.396157433
31.2135629844 121.395887433
31.2135269844 121.395776432
31.2134079844 121.395702432
31.2131979844 121.395727432
31.2123779844 121.395941433
31.2114179844 121.395967433
31.2105919844 121.395932433
31.2103569844 121.395927433
31.2099929844 121.395856432
31.2092869844 121.395761432
31.2086519844 121.395601432
31.2085419844 121.395622432
31.2082599844 121.395592432
31.2077029844 121.395411432
31.2075799844 121.395361432
31.2072079844 121.395306432
31.2068249844 121.395284432
31.2066799844 121.395369432
31.2059769844 121.395176432
31.2054199844 121.395042431
#
31.2374449851 121.416156454
31.2379819851 121.417201455
31.2385379852 121.418424457
31.2388119852 121.418967457
31.2389349852 121.419179458
31.2392849852 121.419707458
31.2392979852 121.419931458
31.2391949852 121.420151459
31.2385529853 121.420971459
31.2376969853 121.42206746
31.2370799853 121.422852461
31.2370119853 121.422922461
31.2367379853 121.423324462
31.2363179854 121.424026462
31.2354019854 121.425119464
31.2348679854 121.426327465
31.2342049855 121.427467466
31.2336669855 121.427819466
31.2336879855 121.427819466
31.2335169855 121.427902466
31.2334999855 121.428014466
31.2336769855 121.428479467
31.2341349855 121.428731467
31.2345579855 121.429179468
31.2349029855 121.429592468
31.2352069856 121.429957468
31.2353979856 121.430114469
31.2356649856 121.430494469
31.2359669856 121.430929469
31.2363549856 121.43147947
31.2364979856 121.43174447
31.2367149856 121.432154471
31.2370779857 121.432899471
31.2373579857 121.433582472
31.2376499857 121.434202473
31.2377049857 121.434442473
31.2378829857 121.435371474
31.2382079858 121.436454475
31.2383949858 121.436934476
31.2385699858 121.437521476
31.2389199858 121.438534477
31.2391149859 121.439226478
31.2390899859 121.439254478
31.2393129859 121.439754478
31.2396399859 121.440422479
31.2397069859 121.440646479
31.2399599859 121.44111748
31.2402429859 121.44167648
31.2402449859 121.44167948
31.240356986 121.441832481
31.240404986 121.441836481
31.2410049859 121.44136448
31.2416099859 121.440754479
31.2421829859 121.440119479
31.2422649859 121.439852479
31.2421229859 121.439931479
31.2420529859 121.440077479
31.2416219859 121.440637479
31.2409379859 121.44132248
31.2404219859 121.44174248
31.2404099859 121.44177948
31.239839986 121.442234481
31.239027986 121.442884482
31.238276986 121.443501482
31.237711986 121.444037483
31.237252986 121.444452483
31.237059986 121.444612483
31.2367079861 121.445009484
31.2361349861 121.445671484
31.2355879861 121.446351485
31.2350149861 121.446794485
31.2349179861 121.446877485
31.2344429861 121.447244486
31.2339079861 121.447522486
31.2333269861 121.447837486
31.2327779862 121.448131487
31.2322219862 121.448384487
31.2315449862 121.448656487
31.2315119862 121.448762487
31.2315129862 121.448886487
31.2317919862 121.449661488
31.2320399862 121.450324489
31.2321249862 121.450354489
31.2322049862 121.450829489
31.2324699863 121.45166249
31.2324329863 121.45193649
31.2320299863 121.452221491
31.2319479863 121.452264491
31.2318019863 121.452367491
31.2312749863 121.452636491
31.2308449863 121.453027491
#
