31.223291986 121.442291481
31.2231749859 121.44167148
31.2230749859 121.44120748
31.2228379859 121.441061479
31.2225429859 121.441101479
31.2222029859 121.441167479
31.2216729859 121.44130948
31.2209249859 121.44161948
31.2202079859 121.44204648
31.219699986 121.442662481
31.219052986 121.443121481
31.218262986 121.443486482
31.218171986 121.443527482
31.217756986 121.443676482
31.217159986 121.443887482
31.216182986 121.444261482
31.215542986 121.444892483
31.215014986 121.444866483
31.214452986 121.445032483
31.2137769861 121.445256483
31.2131779861 121.445431484
31.2125099861 121.445481484
31.2119819861 121.445447484
31.2113799861 121.445434483
31.210682986 121.444979483
31.209784986 121.444312482
31.208846986 121.443611482
31.207752986 121.442779481
31.2069199859 121.44215148
31.2063419859 121.44173148
31.2060199859 121.441499479
31.2057399859 121.441274479
31.2053469859 121.441024479
31.2049229859 121.440702479
31.2043479859 121.440297478
31.2042069859 121.440184478
31.2038299859 121.439892478
31.2031479859 121.439384477
31.2028969859 121.439261477
31.2028649859 121.439232477
31.2023019858 121.438826477
31.2017099858 121.438356476
31.2013079858 121.438026476
31.2011149858 121.437871476
31.2007429858 121.437571475
31.2000319858 121.436994475
31.1988949857 121.436186474
31.1978179857 121.435391473
31.1969329857 121.434696472
31.1967669857 121.434481472
31.1965569857 121.434344472
31.1961399857 121.434184472
31.1945179857 121.433894472
31.1929269857 121.433574471
31.1915919856 121.433044471
31.1902829856 121.43255147
31.1890229856 121.43221747
31.1875449856 121.431989469
31.1860079856 121.431774469
31.1849679856 121.431619469
31.1848999856 121.431572469
31.1843319856 121.431547469
31.1837919856 121.431467469
31.1833399856 121.431216469
#
31.192276984 121.386596422
31.192699984 121.386316422
31.193061984 121.386071422
31.193354984 121.385864421
31.193666984 121.385649421
31.193962984 121.385471421
31.194096984 121.385386421
31.194331984 121.385234421
31.194622984 121.385047421
31.195089984 121.38474442
31.195762984 121.38432942
31.196224984 121.38407442
31.196317984 121.38414242
31.196802984 121.38488442
31.197469984 121.385989422
31.1981099841 121.387079423
31.1986519841 121.387959424
31.1989279841 121.388401424
31.1990979841 121.388672425
31.1992729841 121.388947425
31.1994769841 121.389246425
31.1997249842 121.389622426
31.1998079842 121.389749426
31.2000329842 121.390116426
31.2003779842 121.390697427
31.2006329842 121.391152427
31.2007579842 121.391384427
31.2008849842 121.391659428
31.2010949842 121.392142428
31.2013469843 121.392831429
31.2015749843 121.39358943
31.2017049843 121.39409943
31.2018129843 121.394542431
31.2019529844 121.395081431
31.2020969844 121.395642432
31.2022249844 121.396132433
31.2023599844 121.396664433
31.2025349844 121.397354434
31.2026419844 121.397784434
31.2028099845 121.398444435
31.2029679845 121.399066436
31.2031599845 121.399816436
31.2034249846 121.400739437
31.2039819846 121.401886439
31.2048449846 121.40305444
31.2055549847 121.404057441
31.2058719847 121.404492441
31.2060299847 121.404679442
31.2061799847 121.404859442
31.2064229847 121.405177442
31.2067499847 121.405621443
31.2073099847 121.406424444
31.2078119848 121.407129444
31.2081049848 121.407541445
31.2082699848 121.407772445
31.2083579848 121.407901445
31.2085049848 121.408111445
31.2086269848 121.408282445
31.2087369848 121.408436446
31.2088899848 121.408654446
31.2089699848 121.408774446
31.2091829848 121.409142446
31.2094579849 121.409746447
31.2095829849 121.410081447
31.2097069849 121.410514448
31.2098319849 121.411087448
31.2098729849 121.411307449
31.2098869849 121.411386449
31.2100149849 121.411994449
31.210177985 121.41276745
31.210309985 121.413401451
31.210341985 121.413552451
31.210399985 121.413841451
31.210439985 121.414019452
31.210461985 121.414124452
31.210501985 121.414314452
31.210529985 121.414442452
31.210569985 121.414649452
31.210631985 121.414932452
31.210667985 121.415112453
31.2107049851 121.415297453
31.2107449851 121.415496453
31.2107499851 121.415542453
31.2108069851 121.415811453
31.2108169851 121.415861453
31.2109549851 121.416467454
31.2110949851 121.417109455
31.2112429851 121.417764455
31.2113769852 121.418352456
31.2115669852 121.419147457
31.2117869852 121.420032458
31.2119879852 121.420866459
31.2120999853 121.42196446
31.2121579853 121.422776461
31.2123329853 121.423734462
31.2129219854 121.424854463
31.2132469854 121.425187463
31.2133119854 121.425326463
31.2133519854 121.425389463
31.2135679854 121.425636464
31.2141279854 121.425946464
31.2149029854 121.426407464
31.2155019855 121.427194465
31.2159479855 121.428106466
31.2163199855 121.428781467
31.2165999855 121.429237467
31.2167569855 121.429439468
31.2169319855 121.429647468
31.2172319856 121.430001468
31.2175299856 121.430347468
31.2177549856 121.430641469
31.2180069856 121.430964469
31.2182129856 121.431272469
31.2183699856 121.43151747
31.2185879856 121.43185247
31.2188019856 121.43222447
31.2189579856 121.432476471
31.2189749856 121.432521471
31.2190999856 121.432682471
31.2195529857 121.433231471
31.2199419857 121.434029472
31.2202119857 121.434391473
31.2206429857 121.434887473
31.2210799857 121.435601474
31.2212499858 121.436247475
31.2212969858 121.436704475
31.2213649858 121.437182475
31.2214869858 121.437772476
31.2217149858 121.438382477
31.2221529859 121.439111477
31.2225119859 121.439797478
31.2227079859 121.440347479
31.2228319859 121.440977479
31.2229149859 121.44152448
31.222979986 121.44205148
31.223072986 121.442637481
31.223187986 121.443157481
31.223339986 121.443746482
31.223489986 121.444232483
31.223731986 121.444922483
31.2239619861 121.445506484
31.2242919861 121.446374485
31.2246749861 121.447389486
31.2251049862 121.448529487
31.2255569862 121.449716488
31.2258199862 121.451144489
31.2258249863 121.452746491
31.2258469863 121.454379493
31.2258579864 121.455997494
31.2258769865 121.457639496
31.2258829865 121.459342498
31.2257569866 121.461197499
31.2258079866 121.462956501
31.2262679867 121.464667503
31.2269269867 121.466237504
31.2274669868 121.467514506
31.2279949868 121.468766507
31.2286069869 121.470246508
31.2294349869 121.47188451
31.2304099869 121.473426511
31.231211987 121.474946513
31.232036987 121.476524514
31.2327669871 121.478169516
31.2331549871 121.479871518
31.2330429872 121.481572519
31.2338699873 121.484836522
31.2341279873 121.485391523
31.2345399873 121.486146523
31.2349419874 121.486962524
31.2350679874 121.487162524
31.2350629874 121.487469525
31.2348749874 121.487662525
31.2343819874 121.488222525
31.2342849874 121.488331526
31.2339399874 121.488677526
31.2335479874 121.489117526
31.2325369875 121.490089527
31.2316699875 121.491027528
31.2306819875 121.492116529
31.2298249875 121.49314653
31.2287019876 121.494347531
31.2275869876 121.495351532
31.2254499877 121.497524534
31.2245649877 121.498414535
31.2238879877 121.499002535
#
