31.1660919847 121.404679441
31.1660049847 121.404896441
31.1661519847 121.405472442
31.1662019847 121.406084442
31.1662419847 121.406599443
31.1661969848 121.407064443
31.1662969848 121.407807444
31.1664819848 121.408929445
31.1668029849 121.410162446
31.1674569849 121.411484448
31.168202985 121.412834449
31.168571985 121.41341945
31.168729985 121.414044451
31.168816985 121.414952452
31.1689779851 121.416096453
31.1691029851 121.417079454
31.1692629851 121.418246455
31.1693829852 121.419417456
31.1695469852 121.420719458
31.1696849853 121.421872459
31.1697899853 121.42277246
31.1698929853 121.42334246
31.1699479853 121.42356646
31.1701799853 121.423704461
31.1700199854 121.424594461
31.1698819853 121.424419461
31.1695429854 121.424699462
31.1695549854 121.424761462
31.1696369854 121.424897462
31.1698669854 121.424944462
31.1699799854 121.424942462
31.1700169854 121.425001462
31.1700599854 121.425024462
31.1700949854 121.425037462
31.1701379854 121.425054462
31.1703299854 121.425176462
31.1703879854 121.425234462
31.1704329854 121.425264462
31.1708329854 121.425309462
31.1709669854 121.425359462
31.1714319854 121.425392462
31.1719099854 121.425439462
31.1725769854 121.425522463
31.1726629854 121.425527463
31.1727619854 121.425527463
31.1728569854 121.425532463
31.1730549854 121.425532463
31.1735279854 121.425564463
31.1746449854 121.425626463
31.1751929854 121.425416462
31.1752779854 121.425376462
31.1755799854 121.425147462
31.1760329854 121.424824462
31.1760799854 121.424829462
31.1766469854 121.424522462
31.1773269853 121.424201461
31.1774079853 121.424186461
31.1774529853 121.424122461
31.1779249853 121.423904461
31.1782619853 121.423697461
31.1782999853 121.423701461
31.1784369853 121.423731461
31.1786119853 121.423569461
31.1786699853 121.423581461
31.1790269853 121.42339446
31.1790899853 121.42339746
31.1796949853 121.42285646
31.1802769853 121.421949459
31.1806079852 121.421254458
31.1807719852 121.420852458
31.1807529852 121.420806458
31.1808379852 121.420421457
31.1809829852 121.420381457
31.1810699852 121.420339457
31.1815519852 121.420322457
31.1815999852 121.420321457
#
31.2063099885 121.525834559
31.2054419885 121.525539559
31.2041149885 121.525044559
31.2028899885 121.524357558
31.2019429884 121.523311557
31.2016779884 121.522849557
31.2019319884 121.521491555
31.2023219883 121.519781554
31.2027429883 121.517889552
31.2030649882 121.516257551
31.2033369882 121.514684549
31.2036999881 121.512911548
31.2040749881 121.511222546
31.204421988 121.509666545
31.204909988 121.508027543
31.2055479879 121.506364542
31.2061419879 121.50479954
31.2067149878 121.503279539
31.2073279878 121.501624537
31.2079219877 121.499959536
31.2085069877 121.498324534
31.2090519877 121.496822533
31.2094969876 121.496204532
31.2100779876 121.496024532
31.2106479876 121.496212532
31.2111219877 121.496857533
31.2111619877 121.497582534
31.2108429877 121.498242534
31.2103149877 121.498592535
31.2097469877 121.498561535
31.2092919877 121.498114534
31.2091769877 121.497416534
31.2094349877 121.496774533
31.2099649876 121.496429533
31.2102029876 121.496412533
31.2106919876 121.496464533
31.2108179876 121.496462533
31.2109549876 121.496472533
31.2110969876 121.496469533
31.2120249876 121.496551533
31.2128479876 121.496304533
31.2133799876 121.495602532
31.2137299876 121.49390453
31.2142099875 121.49318153
31.2144369875 121.49302453
31.2151429875 121.492032529
31.2150829875 121.491404528
31.2149969875 121.491079528
31.2149029875 121.490259527
31.2147729874 121.489214526
31.2147649874 121.488966526
31.2148769874 121.488804526
31.2155299874 121.488562525
31.2165499874 121.488276525
31.2176129874 121.488027525
31.2186429874 121.487769525
31.2198249874 121.487397524
31.2205099874 121.487157524
31.2213479874 121.486762524
31.2223799873 121.486212523
31.2234279873 121.485692523
31.2240099873 121.485357523
31.2249649873 121.484829522
31.2254999873 121.484782522
31.2257499873 121.485414523
31.2260629873 121.486262523
#
31.2768599877 121.496907534
31.2765899877 121.496636534
31.2764879877 121.496537534
31.2762929877 121.496332534
31.2760069877 121.496041534
31.2758349876 121.495804533
31.2757499876 121.495697533
31.2754169876 121.495309533
31.2748729876 121.494661532
31.2742549876 121.494016532
31.2735579876 121.493322531
31.2732629876 121.492954531
31.2732049876 121.492867531
31.2727099875 121.49232253
31.2718499875 121.491391529
31.2709429875 121.490386528
31.2700829875 121.489426527
31.2692349874 121.488457526
31.2685669874 121.487726526
31.2677429874 121.487042525
31.2667449874 121.486501524
31.2665669874 121.486414524
31.2661529874 121.486292524
31.2651929873 121.485921524
31.2640449873 121.485401523
31.2628479873 121.484881523
31.2616369873 121.484312522
31.2600079873 121.484117522
31.2587369873 121.483649522
31.2574319873 121.483016521
31.2565249872 121.482576521
31.2561319872 121.48241252
31.2558479872 121.48246752
31.2550479873 121.483297521
31.2538049873 121.484162522
31.2524869873 121.484541522
31.2513719873 121.484882523
31.2503979873 121.485147523
31.2494329873 121.485181523
31.2487599873 121.485134523
31.2483499873 121.485094523
31.2474479873 121.484977523
31.2468129873 121.484886523
31.2465029873 121.484837522
31.2462229873 121.484841522
31.2461599873 121.484931523
31.2459619873 121.485654523
31.2457999873 121.485864523
31.2451969873 121.485677523
31.2442419873 121.485447523
31.2435249873 121.485689523
31.2433779873 121.485716523
31.2432119873 121.485782523
31.2425669873 121.485769523
31.2415579873 121.485581523
31.2406149873 121.485539523
31.2399869873 121.485609523
31.2392749873 121.485704523
31.2384669873 121.485809523
31.2371819873 121.486182524
31.2362699874 121.486734524
#
31.2479779874 121.486606524
31.2478629873 121.485767523
31.2476929873 121.484479522
31.2475679873 121.483467521
31.2475169873 121.483021521
31.2474469872 121.48240452
31.2473819872 121.48191952
31.2473419872 121.48177152
31.2472149872 121.481211519
31.2471699872 121.481079519
31.2470469872 121.480966519
31.2466619872 121.480109518
31.2463869871 121.479639518
31.2462829871 121.479496517
31.2460179871 121.478706517
31.2459119871 121.478264516
31.2458299871 121.477984516
31.2459379871 121.477867516
31.2465049871 121.477687516
31.2474949871 121.477549516
31.2484949871 121.477307515
31.2492169871 121.477024515
31.2494379871 121.476951515
31.2496779871 121.476796515
31.2497399871 121.476536515
31.249289987 121.475336514
31.248651987 121.473616512
31.2480879869 121.47173651
31.2475419868 121.469711508
31.2472569868 121.468474507
31.2470849868 121.467634506
31.2468999867 121.466802505
31.2467179867 121.465927504
31.2466049867 121.465342504
31.2463819867 121.464186503
31.2461919866 121.462861501
31.2461579866 121.462107501
31.2460569866 121.462016501
31.2458629866 121.462046501
31.2452279866 121.462394501
31.2451319866 121.462376501
31.2450699866 121.462277501
31.2450379866 121.462214501
31.2450399866 121.462146501
31.2449419866 121.461997501
31.2443819866 121.4610425
31.2444479866 121.460912499
31.2448649865 121.460427499
31.2449099865 121.460411499
31.2449349865 121.460324499
31.2447399866 121.460571499
31.2444469866 121.460934499
31.2444269866 121.4610625
31.2447649866 121.4616765
31.2450469866 121.462114501
31.2452619866 121.462612501
31.2453129866 121.462747501
31.2452829866 121.462806501
31.2454769866 121.463241502
31.2450619866 121.463234502
31.2447129866 121.463464502
31.2444919866 121.463619502
31.2439919867 121.463787502
31.2438419867 121.463891502
31.2438229867 121.463997502
31.2439229867 121.464596503
31.2439869867 121.465039503
31.2440419867 121.465496504
31.2441099867 121.466362505
31.2441169867 121.466771505
31.2439749868 121.466881505
31.2429969868 121.467102505
31.2419519868 121.467729506
31.2406949868 121.468522507
31.2400629868 121.468767507
31.2400649868 121.468761507
31.2398899868 121.468854507
31.2397719868 121.468942507
31.2397299868 121.469129507
31.2399799869 121.470124508
31.2401419869 121.470877509
31.2401769869 121.471117509
31.2403879869 121.47200651
31.2404619869 121.47218451
31.2400369869 121.472464511
31.2398569869 121.472506511
31.2392299869 121.472662511
31.2388879869 121.472844511
31.2388179869 121.472972511
31.2383349869 121.473247511
31.2383279869 121.473247511
31.237902987 121.473502512
31.237767987 121.473662512
31.237561987 121.473761512
31.237546987 121.473887512
31.237207987 121.474309512
31.236811987 121.474814513
31.236727987 121.474836513
31.236577987 121.474447512
31.236539987 121.474337512
31.236494987 121.474282512
31.236491987 121.474154512
31.236769987 121.473874512
31.2364579869 121.472926511
31.2364349869 121.472606511
31.2364719869 121.47231751
31.2365179869 121.47221651
31.2363619869 121.47203251
31.2358799869 121.47207451
31.2354149869 121.47226151
31.2354329869 121.47239451
31.2355369869 121.472504511
31.2354879869 121.472526511
31.2354319869 121.472509511
31.2353479869 121.472547511
31.2353249869 121.472571511
31.2349999869 121.472606511
31.2349849869 121.472612511
31.2348369869 121.472581511
31.2346679869 121.472727511
31.2343099869 121.472956511
31.2342649869 121.473062511
31.2340819869 121.473006511
31.2338679869 121.47241251
#
