31.2063099885 121.525834559
31.2054419885 121.525539559
31.2041149885 121.525044559
31.2028899885 121.524357558
31.2019429884 121.523311557
31.2016779884 121.522849557
31.2019319884 121.521491555
31.2023219883 121.519781554
31.2027429883 121.517889552
31.2030649882 121.516257551
31.2033369882 121.514684549
31.2036999881 121.512911548
31.2040749881 121.511222546
31.204421988 121.509666545
31.204909988 121.508027543
31.2055479879 121.506364542
31.2061419879 121.50479954
31.2067149878 121.503279539
31.2073279878 121.501624537
31.2079219877 121.499959536
31.2085069877 121.498324534
31.2090519877 121.496822533
31.2094969876 121.496204532
31.2100779876 121.496024532
31.2106479876 121.496212532
31.2111219877 121.496857533
31.2111619877 121.497582534
31.2108429877 121.498242534
31.2103149877 121.498592535
31.2097469877 121.498561535
31.2092919877 121.498114534
31.2091769877 121.497416534
31.2094349877 121.496774533
31.2099649876 121.496429533
31.2102029876 121.496412533
31.2106919876 121.496464533
31.2108179876 121.496462533
31.2109549876 121.496472533
31.2110969876 121.496469533
31.2120249876 121.496551533
31.2128479876 121.496304533
31.2133799876 121.495602532
31.2137299876 121.49390453
31.2142099875 121.49318153
31.2144369875 121.49302453
31.2151429875 121.492032529
31.2150829875 121.491404528
31.2149969875 121.491079528
31.2149029875 121.490259527
31.2147729874 121.489214526
31.2147649874 121.488966526
31.2148769874 121.488804526
31.2155299874 121.488562525
31.2165499874 121.488276525
31.2176129874 121.488027525
31.2186429874 121.487769525
31.2198249874 121.487397524
31.2205099874 121.487157524
31.2213479874 121.486762524
31.2223799873 121.486212523
31.2234279873 121.485692523
31.2240099873 121.485357523
31.2249649873 121.484829522
31.2254999873 121.484782522
31.2257499873 121.485414523
31.2260629873 121.486262523
#
