31.2440299851 121.414994453
31.243736985 121.414731453
31.243424985 121.414222452
31.242822985 121.413226451
31.241996985 121.41198645
31.2414819849 121.41140145
31.2411919849 121.411149449
31.2408199849 121.410809449
31.2401419849 121.410264448
31.2394369849 121.409757448
31.2387319849 121.409226447
31.2378099848 121.408579446
31.2366069848 121.407699446
31.2352149848 121.406762445
31.2336679847 121.406036444
31.2321079847 121.405611443
31.2305849847 121.405457443
31.2289729847 121.405844443
31.2273619848 121.406327444
31.2258319848 121.406261444
31.2243319847 121.406091444
31.2226969847 121.405961443
31.2210529847 121.405916443
31.2193469847 121.406102443
31.2177219848 121.406399444
31.2162279848 121.406941444
31.2149169848 121.407641445
31.2144319848 121.407707445
31.2143999848 121.407597445
31.2143999848 121.406564444
31.2144769847 121.405236442
31.2147349847 121.403792441
31.2147729846 121.403427441
31.2145429847 121.403457441
31.2137069846 121.40330444
31.2135179846 121.40328744
31.2134429846 121.40336444
31.2125869846 121.40302744
31.2125629846 121.40282244
31.2127469846 121.401626439
31.2129399845 121.400371437
31.2130819845 121.399234436
31.2132429845 121.398099435
31.2133969844 121.396827434
31.2135199844 121.396157433
31.2135629844 121.395887433
31.2135269844 121.395776432
31.2134079844 121.395702432
31.2131979844 121.395727432
31.2123779844 121.395941433
31.2114179844 121.395967433
31.2105919844 121.395932433
31.2103569844 121.395927433
31.2099929844 121.395856432
31.2092869844 121.395761432
31.2086519844 121.395601432
31.2085419844 121.395622432
31.2082599844 121.395592432
31.2077029844 121.395411432
31.2075799844 121.395361432
31.2072079844 121.395306432
31.2068249844 121.395284432
31.2066799844 121.395369432
31.2059769844 121.395176432
31.2054199844 121.395042431
#
31.2101179884 121.522031556
31.2101319884 121.521142555
31.2102279883 121.519501554
31.2104769883 121.518081553
31.2106699883 121.517299552
31.2106819883 121.517279552
31.2109069882 121.516557551
31.2112249882 121.51544755
31.2113699882 121.51509455
31.2114749882 121.51499155
31.2119629882 121.514087549
31.2124729881 121.513196548
31.2124819881 121.513102548
31.2124929881 121.512954548
31.2125749881 121.512629548
31.2125269881 121.512446547
31.2116969881 121.511871547
31.2103879881 121.511122546
31.2087429881 121.510416546
31.207099988 121.509772545
31.206647988 121.509849545
31.206316988 121.510202545
31.2058549881 121.511629547
31.2054729881 121.512157547
31.2050219881 121.512249547
31.2046199881 121.512057547
31.2043519881 121.511644547
31.2043279881 121.511101546
31.204656988 121.509484545
31.205136988 121.507757543
31.2057329879 121.506111542
31.2063079879 121.50454654
31.2068779878 121.502936539
31.2074399878 121.501364537
31.2079569877 121.499949536
31.2084879877 121.498471535
31.2089999877 121.497096533
31.2094579876 121.496296533
31.2099849876 121.496081532
31.2100999876 121.496081532
31.2110069877 121.496887533
31.2110349877 121.497536534
31.2107749877 121.498102534
31.2102829877 121.498437535
31.2097519877 121.498392534
31.2094069877 121.498076534
31.2092749877 121.497616534
31.2093669877 121.497056533
31.2097129876 121.496629533
31.2101729876 121.496489533
31.2107049876 121.496707533
31.2109799877 121.497121533
31.2110269877 121.497819534
31.2107829877 121.498371534
31.2100579877 121.498722535
31.2092279877 121.498351534
31.2089499877 121.497999534
31.2090919877 121.497867534
31.2091469877 121.497726534
31.2088019877 121.497536534
31.2086929877 121.497806534
31.2087799877 121.497791534
31.2091479877 121.497231533
31.2099729876 121.495307532
31.2098679876 121.494454531
31.2087579875 121.492411529
31.2082649875 121.491712528
31.2079499875 121.491297528
31.2074749875 121.490676527
31.2068249874 121.489814526
31.2060919874 121.488872525
31.2052779874 121.487769524
31.2045899874 121.486861524
31.2037919873 121.485612522
31.2032379873 121.484274521
31.2027549872 121.48286252
31.2022419872 121.481307518
31.2016529871 121.479611517
31.2012179871 121.478347515
31.200836987 121.476921514
31.200304987 121.475334513
31.1997919869 121.473794511
31.1997799869 121.47321751
31.2001119869 121.47254251
31.2013729869 121.472127509
31.2023219869 121.471801509
31.2029229869 121.471576509
31.2032819869 121.471436509
31.2038479869 121.471231509
31.2047119869 121.470879508
31.2051919869 121.470666508
31.2058849868 121.470429508
31.2067599868 121.470127508
31.2075919868 121.469814507
31.2080029868 121.469679507
31.2081029868 121.469644507
31.2083329868 121.469534507
31.2089419868 121.469324507
31.2096579868 121.469077507
31.2101799868 121.468771506
31.2107379868 121.468644506
31.2113429868 121.468407506
31.2119799868 121.468077506
31.2124799868 121.467822506
31.2129429868 121.467459505
31.2132179868 121.467287505
31.2135079867 121.467086505
31.2137929867 121.466897505
31.2139519867 121.466799505
31.2143829867 121.466516504
31.2147649867 121.466304504
31.2152519867 121.466124504
31.2159229867 121.466021504
31.2161329867 121.466006504
31.2165229867 121.466041504
31.2168579867 121.466144504
31.2173029867 121.466261504
31.2176119867 121.466339504
31.2180049867 121.466456504
31.2184469867 121.466581504
31.2191699867 121.466779505
31.2198569867 121.466971505
31.2207299868 121.467252505
31.2219879868 121.467501505
31.2221179868 121.467496505
31.2234799868 121.467281505
31.2243129867 121.466857505
31.2243769867 121.466837505
31.2243649867 121.466719505
31.2246969867 121.466582505
31.2253549867 121.465966504
31.2263379867 121.464872503
31.2270529867 121.464054502
31.2275149866 121.463732502
31.2277429866 121.463549502
31.2280779866 121.463334501
31.2280969866 121.463352502
31.2282829866 121.463249501
31.2283819866 121.463256501
#
