31.2320699872 121.48243252
31.2318819872 121.48211652
31.2315979872 121.481297519
31.2312469872 121.480537518
31.2307649871 121.479646517
31.2301569871 121.478386516
31.2297569871 121.477507515
31.229267987 121.476557514
31.228729987 121.475547513
31.228722987 121.475384513
31.228801987 121.475214513
31.229444987 121.474661512
31.229786987 121.474394512
31.229957987 121.474287512
31.230087987 121.474191512
31.230479987 121.473931512
31.230602987 121.473732512
31.230624987 121.473507511
31.2302799869 121.472814511
31.2297119869 121.47193251
31.2290169869 121.470826509
31.2286349868 121.469982508
31.2282379868 121.469052507
31.2276499868 121.467569506
31.2270149867 121.466032504
31.2267579867 121.464719503
31.2270429867 121.464091502
31.2281169866 121.463234501
31.2294149866 121.462746501
31.2296519866 121.462729501
31.2297879866 121.462722501
31.2313829866 121.462599501
31.2329869866 121.462414501
31.2344279866 121.4621795
31.2359519866 121.4619095
31.2376029866 121.4612765
31.2392249865 121.460319499
31.2409329865 121.459526498
31.2425929865 121.458831497
31.2440449865 121.458321497
31.2453769865 121.457942497
31.2457599865 121.457922497
31.2460149865 121.458002497
31.2464299865 121.458202497
31.2469929865 121.458669497
31.2471169865 121.458669497
31.2474079865 121.458516497
31.2475999865 121.458204497
31.2476379865 121.457732496
31.2476499864 121.456641495
31.2479979864 121.455286494
31.2480629863 121.454047493
31.2480399863 121.452844492
31.2481399863 121.452717492
31.2486229863 121.452691491
31.2487149863 121.452687491
31.2489719863 121.452701492
31.2490429863 121.452701492
31.2493969863 121.452549491
31.2494979863 121.452311491
31.2495919863 121.451996491
31.2497069863 121.45160149
31.2499199863 121.45105949
31.2501219862 121.450551489
31.2501479862 121.450467489
#
31.2334249879 121.50393754
31.2337049879 121.505077541
31.2338169879 121.505777542
31.2331019879 121.506242542
31.232302988 121.506771543
31.231824988 121.507062543
31.231766988 121.507141543
31.231264988 121.507321543
31.230497988 121.507724544
31.229861988 121.508024544
31.229812988 121.507989544
31.229396988 121.506977543
31.2289179879 121.505909542
31.2287349879 121.505486541
31.2286779879 121.505404541
31.2286019879 121.505372541
31.2284399879 121.505456541
31.2281369879 121.505751542
31.2281229879 121.505802542
31.2280799879 121.505829542
31.2280319879 121.505951542
31.2276219879 121.506206542
31.2267499879 121.506611542
31.225842988 121.507076543
31.224789988 121.507461543
31.223902988 121.507697543
31.223749988 121.507736543
31.223609988 121.507762543
31.222979988 121.507936544
31.222056988 121.508441544
31.221071988 121.509069545
31.220071988 121.509432545
31.219474988 121.509594545
31.219279988 121.509684545
31.219146988 121.509737545
31.219101988 121.509861545
31.219124988 121.510067545
31.2194099881 121.511127546
31.2196749881 121.512124547
31.2196819881 121.512184547
31.2199569881 121.513042548
31.2202119882 121.514202549
31.2204779882 121.51551755
31.2206729882 121.516259551
31.2207829882 121.516906552
31.2209179883 121.517554552
31.2212099883 121.518639553
31.2213679883 121.519102554
31.2214729883 121.519639554
31.2216199883 121.520372555
31.2218399884 121.521239556
31.2222169884 121.522552557
31.2225049884 121.523347558
31.2226269884 121.523744558
31.2226369884 121.523752558
31.2228119885 121.524296558
31.2231379885 121.525216559
31.2235219885 121.52640156
31.2238869885 121.527396561
31.2240029886 121.527866562
31.2243029886 121.528669562
31.2245819886 121.529467563
31.2246919886 121.529672563
31.2250529886 121.530172564
31.2254599886 121.530647564
31.2258799886 121.531062565
31.2258799887 121.531212565
31.2252299887 121.532381566
31.2244679887 121.533627567
31.2243149887 121.533702567
31.2237179887 121.533764567
31.2235919887 121.534009567
31.2236069887 121.534187567
31.2238219887 121.534664568
31.2233599888 121.535481568
31.2227729888 121.536531569
31.2227619888 121.536647569
31.2228379888 121.53678457
31.2238469888 121.53745157
31.2248629888 121.538107571
31.2257629889 121.538812571
31.2262519889 121.539827572
31.2265829889 121.541267574
31.226901989 121.542824575
31.227159989 121.544169576
31.227226989 121.544486576
31.227291989 121.544639576
31.2275019891 121.545644577
31.2278499891 121.546819578
31.2280929891 121.547694579
31.2279869891 121.547891579
#
31.2440299851 121.414994453
31.243736985 121.414731453
31.243424985 121.414222452
31.242822985 121.413226451
31.241996985 121.41198645
31.2414819849 121.41140145
31.2411919849 121.411149449
31.2408199849 121.410809449
31.2401419849 121.410264448
31.2394369849 121.409757448
31.2387319849 121.409226447
31.2378099848 121.408579446
31.2366069848 121.407699446
31.2352149848 121.406762445
31.2336679847 121.406036444
31.2321079847 121.405611443
31.2305849847 121.405457443
31.2289729847 121.405844443
31.2273619848 121.406327444
31.2258319848 121.406261444
31.2243319847 121.406091444
31.2226969847 121.405961443
31.2210529847 121.405916443
31.2193469847 121.406102443
31.2177219848 121.406399444
31.2162279848 121.406941444
31.2149169848 121.407641445
31.2144319848 121.407707445
31.2143999848 121.407597445
31.2143999848 121.406564444
31.2144769847 121.405236442
31.2147349847 121.403792441
31.2147729846 121.403427441
31.2145429847 121.403457441
31.2137069846 121.40330444
31.2135179846 121.40328744
31.2134429846 121.40336444
31.2125869846 121.40302744
31.2125629846 121.40282244
31.2127469846 121.401626439
31.2129399845 121.400371437
31.2130819845 121.399234436
31.2132429845 121.398099435
31.2133969844 121.396827434
31.2135199844 121.396157433
31.2135629844 121.395887433
31.2135269844 121.395776432
31.2134079844 121.395702432
31.2131979844 121.395727432
31.2123779844 121.395941433
31.2114179844 121.395967433
31.2105919844 121.395932433
31.2103569844 121.395927433
31.2099929844 121.395856432
31.2092869844 121.395761432
31.2086519844 121.395601432
31.2085419844 121.395622432
31.2082599844 121.395592432
31.2077029844 121.395411432
31.2075799844 121.395361432
31.2072079844 121.395306432
31.2068249844 121.395284432
31.2066799844 121.395369432
31.2059769844 121.395176432
31.2054199844 121.395042431
#
31.2658319867 121.464014503
31.2656979867 121.464244503
31.2662149867 121.464984504
31.2664679867 121.465314504
31.2665399867 121.465414504
31.2670679867 121.466061505
31.2675249867 121.466532505
31.2675569868 121.466612505
31.2680179868 121.467006506
31.2689179868 121.467777507
31.2696379868 121.468806508
31.2702179868 121.469507508
31.2703219868 121.469662509
31.2707069869 121.470074509
31.2715919869 121.47096751
31.2719079869 121.47131251
31.2720829869 121.47144651
31.2723149869 121.47165251
31.2725079869 121.471971511
31.2723829869 121.472194511
31.2722349869 121.472644511
31.271891987 121.473449512
31.271806987 121.473832513
31.271639987 121.474269513
31.271504987 121.474551513
31.271484987 121.474707513
31.271377987 121.474936514
31.271092987 121.475059514
31.270192987 121.475177514
31.269219987 121.475359514
31.268677987 121.475536514
31.268331987 121.475602514
31.267509987 121.475254514
31.266389987 121.475229514
31.265311987 121.475149514
31.264217987 121.475197514
31.263552987 121.475256514
31.263201987 121.475401514
31.262767987 121.475999514
31.2622849871 121.476691515
31.2617869871 121.477312516
31.2615149871 121.477846516
31.2614749871 121.478152516
31.2614349871 121.478454517
31.2612029871 121.479014517
31.2610479871 121.479366518
31.2608999872 121.479887518
31.2607399872 121.480344519
31.2605529872 121.481112519
31.2605799872 121.48137752
31.2606469872 121.48214752
31.2604919872 121.482817521
31.2604249873 121.482914521
31.2603929873 121.482997521
31.2601799873 121.483746522
31.2598919873 121.484864523
31.2598049873 121.485434523
31.2597429873 121.485969524
31.2596869874 121.486631524
31.2595769874 121.487589525
31.2594929874 121.488009526
31.2594529874 121.488362526
31.2592769874 121.488817527
31.2592679874 121.488827527
31.2591179874 121.489199527
31.2588199875 121.489814527
31.2586099875 121.490316528
31.2586829875 121.490409528
31.2593929875 121.490991529
#
