31.2439929868 121.466929505
31.2428199868 121.467197506
31.2416699868 121.467916506
31.2404029868 121.468507507
31.2399019868 121.468676507
31.2398199868 121.468532507
31.2398349868 121.468461507
31.2399969868 121.467641506
31.2400879868 121.467041505
31.2400779867 121.466807505
31.2401049867 121.466806505
31.2402619867 121.465952504
31.2404449867 121.465039503
31.2407379867 121.464276503
31.2411099866 121.463312502
31.2413049866 121.462949501
31.2413679866 121.462962501
31.2414369866 121.462459501
31.2410479866 121.4619545
31.2411299866 121.4616965
31.2405819866 121.460979499
31.2405479866 121.460899499
31.2405529866 121.460901499
31.2405129866 121.460799499
31.2404969866 121.460759499
31.2404849865 121.460471499
31.2402819865 121.459791498
31.2403319865 121.459726498
31.2401849865 121.459591498
31.2392849865 121.459886498
31.2387969865 121.460311499
31.2376869866 121.461039499
31.2366979866 121.4614225
31.2366199866 121.4614025
31.2365969866 121.4613595
31.2366419866 121.4612375
31.2364399866 121.460742499
31.2362299865 121.459947498
31.2355719865 121.458594497
31.2352479865 121.457811496
31.2351899865 121.457666496
31.2349069864 121.457197496
31.2347649864 121.456831495
31.2345449864 121.456494495
31.2343119864 121.456001494
31.2340229864 121.455404494
31.2339849864 121.455157494
31.2341949864 121.455127494
31.2341619864 121.454936493
31.2336669864 121.454561493
31.2335999864 121.454546493
31.2335769864 121.454489493
31.2334979864 121.454481493
31.2333619863 121.454232493
31.2330979863 121.453671492
31.2330229863 121.453426492
31.2330769863 121.453374492
31.2328199863 121.452766491
31.2327069863 121.452666491
31.2324169863 121.45151749
31.2321899862 121.450966489
31.2321599862 121.450667489
31.2321029862 121.450549489
31.2319849862 121.450412489
31.2319049862 121.450167489
31.2320669862 121.449879488
31.2320429862 121.449772488
31.2315849862 121.448736487
31.2311819861 121.447484486
31.2311029861 121.447249486
31.2308979861 121.447107486
31.2309129861 121.446857485
31.2311179861 121.446539485
31.2312649861 121.446372485
31.2303119861 121.445027484
31.229822986 121.443914482
31.229881986 121.443762482
31.229692986 121.443406482
31.229651986 121.443284482
31.229582986 121.443214482
31.229362986 121.442949481
#
31.192276984 121.386596422
31.192699984 121.386316422
31.193061984 121.386071422
31.193354984 121.385864421
31.193666984 121.385649421
31.193962984 121.385471421
31.194096984 121.385386421
31.194331984 121.385234421
31.194622984 121.385047421
31.195089984 121.38474442
31.195762984 121.38432942
31.196224984 121.38407442
31.196317984 121.38414242
31.196802984 121.38488442
31.197469984 121.385989422
31.1981099841 121.387079423
31.1986519841 121.387959424
31.1989279841 121.388401424
31.1990979841 121.388672425
31.1992729841 121.388947425
31.1994769841 121.389246425
31.1997249842 121.389622426
31.1998079842 121.389749426
31.2000329842 121.390116426
31.2003779842 121.390697427
31.2006329842 121.391152427
31.2007579842 121.391384427
31.2008849842 121.391659428
31.2010949842 121.392142428
31.2013469843 121.392831429
31.2015749843 121.39358943
31.2017049843 121.39409943
31.2018129843 121.394542431
31.2019529844 121.395081431
31.2020969844 121.395642432
31.2022249844 121.396132433
31.2023599844 121.396664433
31.2025349844 121.397354434
31.2026419844 121.397784434
31.2028099845 121.398444435
31.2029679845 121.399066436
31.2031599845 121.399816436
31.2034249846 121.400739437
31.2039819846 121.401886439
31.2048449846 121.40305444
31.2055549847 121.404057441
31.2058719847 121.404492441
31.2060299847 121.404679442
31.2061799847 121.404859442
31.2064229847 121.405177442
31.2067499847 121.405621443
31.2073099847 121.406424444
31.2078119848 121.407129444
31.2081049848 121.407541445
31.2082699848 121.407772445
31.2083579848 121.407901445
31.2085049848 121.408111445
31.2086269848 121.408282445
31.2087369848 121.408436446
31.2088899848 121.408654446
31.2089699848 121.408774446
31.2091829848 121.409142446
31.2094579849 121.409746447
31.2095829849 121.410081447
31.2097069849 121.410514448
31.2098319849 121.411087448
31.2098729849 121.411307449
31.2098869849 121.411386449
31.2100149849 121.411994449
31.210177985 121.41276745
31.210309985 121.413401451
31.210341985 121.413552451
31.210399985 121.413841451
31.210439985 121.414019452
31.210461985 121.414124452
31.210501985 121.414314452
31.210529985 121.414442452
31.210569985 121.414649452
31.210631985 121.414932452
31.210667985 121.415112453
31.2107049851 121.415297453
31.2107449851 121.415496453
31.2107499851 121.415542453
31.2108069851 121.415811453
31.2108169851 121.415861453
31.2109549851 121.416467454
31.2110949851 121.417109455
31.2112429851 121.417764455
31.2113769852 121.418352456
31.2115669852 121.419147457
31.2117869852 121.420032458
31.2119879852 121.420866459
31.2120999853 121.42196446
31.2121579853 121.422776461
31.2123329853 121.423734462
31.2129219854 121.424854463
31.2132469854 121.425187463
31.2133119854 121.425326463
31.2133519854 121.425389463
31.2135679854 121.425636464
31.2141279854 121.425946464
31.2149029854 121.426407464
31.2155019855 121.427194465
31.2159479855 121.428106466
31.2163199855 121.428781467
31.2165999855 121.429237467
31.2167569855 121.429439468
31.2169319855 121.429647468
31.2172319856 121.430001468
31.2175299856 121.430347468
31.2177549856 121.430641469
31.2180069856 121.430964469
31.2182129856 121.431272469
31.2183699856 121.43151747
31.2185879856 121.43185247
31.2188019856 121.43222447
31.2189579856 121.432476471
31.2189749856 121.432521471
31.2190999856 121.432682471
31.2195529857 121.433231471
31.2199419857 121.434029472
31.2202119857 121.434391473
31.2206429857 121.434887473
31.2210799857 121.435601474
31.2212499858 121.436247475
31.2212969858 121.436704475
31.2213649858 121.437182475
31.2214869858 121.437772476
31.2217149858 121.438382477
31.2221529859 121.439111477
31.2225119859 121.439797478
31.2227079859 121.440347479
31.2228319859 121.440977479
31.2229149859 121.44152448
31.222979986 121.44205148
31.223072986 121.442637481
31.223187986 121.443157481
31.223339986 121.443746482
31.223489986 121.444232483
31.223731986 121.444922483
31.2239619861 121.445506484
31.2242919861 121.446374485
31.2246749861 121.447389486
31.2251049862 121.448529487
31.2255569862 121.449716488
31.2258199862 121.451144489
31.2258249863 121.452746491
31.2258469863 121.454379493
31.2258579864 121.455997494
31.2258769865 121.457639496
31.2258829865 121.459342498
31.2257569866 121.461197499
31.2258079866 121.462956501
31.2262679867 121.464667503
31.2269269867 121.466237504
31.2274669868 121.467514506
31.2279949868 121.468766507
31.2286069869 121.470246508
31.2294349869 121.47188451
31.2304099869 121.473426511
31.231211987 121.474946513
31.232036987 121.476524514
31.2327669871 121.478169516
31.2331549871 121.479871518
31.2330429872 121.481572519
31.2338699873 121.484836522
31.2341279873 121.485391523
31.2345399873 121.486146523
31.2349419874 121.486962524
31.2350679874 121.487162524
31.2350629874 121.487469525
31.2348749874 121.487662525
31.2343819874 121.488222525
31.2342849874 121.488331526
31.2339399874 121.488677526
31.2335479874 121.489117526
31.2325369875 121.490089527
31.2316699875 121.491027528
31.2306819875 121.492116529
31.2298249875 121.49314653
31.2287019876 121.494347531
31.2275869876 121.495351532
31.2254499877 121.497524534
31.2245649877 121.498414535
31.2238879877 121.499002535
#
