31.2671119864 121.454871494
31.2669429864 121.454612494
31.2668949864 121.454626494
31.2668579864 121.454587494
31.2667419864 121.454549494
31.2661879864 121.454719494
31.2656119864 121.454921494
31.2649749864 121.455194494
31.2639219864 121.455704495
31.2631769864 121.456119495
31.2627749864 121.456312495
31.2627179864 121.456222495
31.2625379864 121.455719495
31.2623319864 121.454847494
31.2621569864 121.454199493
31.2619399863 121.453564493
31.2615279863 121.453389492
31.2614829863 121.452876492
31.2615069863 121.452786492
31.2614969863 121.452581492
31.2616299863 121.452007491
31.2617699863 121.451851491
31.2617869863 121.451779491
31.2616629863 121.451412491
31.2616649863 121.45130949
31.2617169863 121.45127649
31.2617219863 121.45093249
31.2617119863 121.45084649
31.2616199862 121.45075749
31.2604579862 121.450221489
31.2597519862 121.450219489
31.2596799862 121.450286489
31.2589519862 121.45059749
31.2586899862 121.45087149
31.2585779863 121.45106249
31.2585049863 121.45106749
31.2584499863 121.45102249
31.2581929862 121.450214489
31.2578949862 121.449242488
31.2577079862 121.448634488
31.2573999862 121.447806487
31.2571929861 121.447469487
31.2560949861 121.447189486
31.2548769861 121.447001486
31.2536829861 121.446784486
31.2525649861 121.446622486
31.2513329861 121.446794486
31.2502999861 121.447309486
31.2498519861 121.447591486
31.2496569861 121.447679487
31.2491429862 121.448081487
31.2491129862 121.448122487
31.2482229862 121.448619487
31.2479999862 121.448737488
31.2475149862 121.449222488
31.2469329862 121.449534488
31.2468779862 121.449434488
31.2468199862 121.449292488
31.2467919862 121.449329488
31.2467619862 121.449377488
31.2466829862 121.449507488
31.2466779862 121.449747489
31.2467619862 121.449826489
31.2467419862 121.449731489
31.2462769862 121.450079489
31.2453919862 121.450732489
31.2446129863 121.45151649
31.2440699863 121.452116491
31.2433769863 121.452706491
31.2425219863 121.453101492
31.2412119863 121.453689492
31.2399299864 121.454287493
31.2386669864 121.454907493
31.2377049864 121.455499494
31.2366619864 121.455771494
31.2359049864 121.456267495
31.2354819864 121.456406495
31.2354019864 121.456401495
31.2350169864 121.456606495
31.2349429864 121.456677495
31.2349199864 121.456639495
31.2348019864 121.456602495
31.2343799864 121.455894494
31.2338979864 121.455042493
31.2338149864 121.454844493
31.2336119864 121.454767493
31.2333949863 121.454097493
31.2330829863 121.453371492
31.2329779863 121.452782491
31.2328549863 121.452257491
31.2325519863 121.45172249
31.2321669862 121.451012489
31.2318979862 121.450021488
31.2318449862 121.449702488
31.2318279862 121.449546488
31.2317779862 121.449444488
31.2317529862 121.449407488
31.2315569862 121.448816487
31.2313669862 121.448152487
31.2311429861 121.447341486
31.2309619861 121.446752485
31.2309699861 121.446586485
31.2303469861 121.445356484
31.229861986 121.444271483
31.229301986 121.443029481
31.229002986 121.442451481
31.228789986 121.442426481
31.227747986 121.442719481
31.227047986 121.443004481
31.226611986 121.443204482
31.225927986 121.443534482
31.225062986 121.443786482
31.224107986 121.444224483
31.223611986 121.444792483
31.2232319861 121.445337484
31.2227579861 121.445604484
31.2222299861 121.445846484
31.2219699861 121.446007484
31.2216449861 121.446184484
31.2213219861 121.446372485
31.2209849861 121.446572485
31.2203649861 121.446932485
31.2199469861 121.447194485
31.2197429861 121.447321486
31.2193419861 121.447506486
31.2192919861 121.447497486
31.2191129861 121.447141485
31.2190479861 121.447127485
31.2188179861 121.447726486
31.2186019862 121.448306487
31.2183599862 121.448951487
31.2180899862 121.449706488
31.2179529862 121.450022488
31.2179099862 121.450069488
31.2178799862 121.450071488
31.2178249862 121.450071488
31.2178099862 121.450096488
31.2176699862 121.450149488
31.2176749862 121.450849489
#
31.2260519867 121.464944503
31.2270299867 121.463937502
31.2279299866 121.463372502
31.2288519866 121.463036501
31.2299729866 121.462934501
31.2300879866 121.462911501
31.2302079866 121.462914501
31.2303249866 121.462876501
31.2308279866 121.462937501
31.2318679866 121.462721501
31.2319519866 121.462729501
31.2321479866 121.462706501
31.2321929866 121.462481501
31.2322379866 121.462519501
31.2323449866 121.462551501
31.2324769866 121.462862501
31.2323669866 121.463054501
31.2325169866 121.463316502
31.2324379866 121.463482502
31.2323849866 121.463422502
31.2324769866 121.463227501
31.2328269866 121.463021501
31.2328719866 121.463016501
31.2329399866 121.462967501
31.2330749866 121.462951501
31.2341549866 121.462717501
31.2343969866 121.462646501
31.2354619866 121.462436501
31.2356369866 121.462456501
31.2370579866 121.4619045
31.2387469866 121.460831499
31.2405599865 121.459862498
31.2417229865 121.459364498
31.2425319865 121.459062498
31.2427949865 121.458939498
31.2428549865 121.458979498
31.2428969865 121.458929498
31.2428149865 121.457697496
31.2425199864 121.456817495
31.2420249864 121.456289495
31.2412769864 121.455676494
31.2399569863 121.454132493
31.2394349863 121.453396492
31.2390049863 121.452414491
31.2389969863 121.452267491
31.2391279863 121.452117491
31.2393799863 121.451897491
31.2393769863 121.45156249
31.2392379862 121.45109249
31.2393129862 121.45095949
31.2399549862 121.450787489
31.2406029862 121.450592489
31.2412349862 121.449876489
31.2419579862 121.449162488
31.2426969862 121.448277487
31.2430279861 121.447896487
31.2432949861 121.447729486
31.2437719861 121.446914486
31.2439349861 121.446647485
31.2439319861 121.446554485
31.2441049861 121.446302485
31.2441019861 121.446194485
31.2448369861 121.445262484
31.2448229861 121.445159484
31.2448679861 121.445084484
31.2447349861 121.444864484
31.244322986 121.444456483
31.243931986 121.443071482
31.243834986 121.442541481
31.2435219859 121.44144648
31.2430679859 121.44075448
31.2430249859 121.440731479
31.2429979859 121.440692479
31.2429829859 121.440687479
31.2427499859 121.440406479
31.2423099859 121.439764479
31.2421679859 121.439801479
31.2417549859 121.440432479
31.2407899859 121.44147748
31.2404129859 121.44175148
31.240247986 121.441877481
31.239452986 121.442521481
31.238339986 121.443427482
31.237324986 121.444397483
31.236794986 121.444894484
31.2366679861 121.445184484
31.2368649861 121.445664484
31.2371149861 121.446311485
31.2372269861 121.446506485
31.2372599861 121.446556485
31.2372969861 121.446572485
31.2373579861 121.446701485
31.2373819861 121.446736485
31.2370149861 121.447137486
31.2369429861 121.447161486
31.2362079861 121.447947487
31.2351599862 121.448677487
31.2341449862 121.449346488
31.2330869862 121.449946488
31.2319299862 121.450644489
31.2309919863 121.45137149
31.2309899863 121.45162449
31.2309929863 121.45163249
31.2310569863 121.45175649
31.2310769863 121.45179249
31.2308679863 121.45162449
31.2309079863 121.45151649
31.2313129863 121.45121149
31.2316049862 121.451007489
31.2317779862 121.450861489
31.2325829862 121.450201489
31.2339629862 121.449407488
31.2347649862 121.448974488
31.2355719862 121.448489487
31.2364569861 121.447911487
31.2369979861 121.447201486
31.2372279861 121.446804485
31.2372269861 121.446871485
31.2371779861 121.446994486
31.2366199861 121.447601486
31.2365599861 121.447676486
31.2357999862 121.448242487
31.2346179862 121.448966488
31.2333369862 121.449791488
31.2325279862 121.450289489
31.2323399862 121.450469489
31.2320219862 121.450649489
31.2313799863 121.45121149
31.2310449863 121.45152449
31.2310949863 121.45152149
31.2313999863 121.45185449
31.2317349863 121.45200149
31.2318429863 121.452554491
31.2318769863 121.452579491
31.2317379863 121.452589491
31.2309719863 121.452926491
31.2308019863 121.452967491
31.2307419863 121.452946491
31.2306919863 121.452882491
31.2306579863 121.452869491
31.2306679863 121.452832491
31.2304679863 121.452327491
31.2303949863 121.452321491
31.2304249863 121.45160449
31.2308529862 121.45117449
31.2308729862 121.45117649
31.2314729862 121.450897489
31.2318519862 121.450706489
31.2325149862 121.450246489
31.2334849862 121.449594488
31.2341799862 121.449297488
31.2343129862 121.449241488
31.2349169862 121.448884487
31.2350069862 121.448904487
31.2357149862 121.448289487
31.2364979861 121.447844486
31.2369549861 121.447242486
31.2377119861 121.446467485
31.2388279861 121.445519484
31.239749986 121.444676483
31.240322986 121.444161483
31.240817986 121.443754482
31.240871986 121.443684482
31.240932986 121.443624482
31.241044986 121.443442482
31.240937986 121.443184482
31.240379986 121.441979481
31.2399979859 121.44128948
31.2399719859 121.44113148
31.2399419859 121.44111248
31.2396719859 121.440719479
31.2395929859 121.440356479
31.2392719859 121.439716478
31.2392569859 121.439674478
31.2391329859 121.439181478
31.2390429858 121.438629477
31.2391149858 121.438537477
31.2392829858 121.438541477
31.2393669858 121.438597477
31.2394749858 121.438731477
31.2394279858 121.438634477
31.2393349858 121.438296477
31.2392729858 121.438167477
31.2392119858 121.437982477
31.2391679858 121.437946477
31.2391179858 121.437931477
31.2390469858 121.437584476
31.2390429858 121.437451476
31.2387569858 121.437202476
31.2386349858 121.437069476
31.2386749858 121.437054476
31.2388829858 121.437416476
31.2390579858 121.437706476
31.2393119858 121.438187477
31.2394229858 121.438374477
31.2395099858 121.438376477
31.2395669858 121.438751477
31.2395619859 121.438812477
31.2396369859 121.438819477
31.2396779858 121.438614477
31.2393549858 121.438564477
31.2391699858 121.438556477
31.2390719858 121.438574477
31.2389519858 121.438462477
31.2389179858 121.438324477
31.2388699858 121.438267477
31.2384479858 121.437166476
31.2381899858 121.436296475
31.2381329858 121.436317475
31.2373749858 121.436772475
31.2367119858 121.437162476
31.2366929858 121.437214476
31.2362149858 121.437466476
31.2355199858 121.437952477
31.2346449858 121.438797477
31.2339429859 121.439579478
31.2331549859 121.440356479
31.2329969859 121.440511479
31.2325419859 121.44100248
31.2319579859 121.44160148
31.2319579859 121.44169248
31.2317969859 121.44172148
31.2313729859 121.44185248
31.230806986 121.44197248
31.230239986 121.442146481
31.229734986 121.442192481
31.229059986 121.442362481
31.227876986 121.442656481
31.226947986 121.443039481
#
31.1894129858 121.437579475
31.1889979858 121.437751475
31.1888879858 121.437726475
31.1883449858 121.438004476
31.1882099858 121.438024476
31.1877279858 121.437752475
31.1871469858 121.437452475
31.1862779858 121.436769474
31.1859279858 121.436516474
31.1855719857 121.435676473
31.1852379857 121.434556472
31.1852269857 121.434302472
31.1853199857 121.434292472
31.1858119857 121.434216472
31.1859049857 121.434221472
31.1868469857 121.434122472
31.1874619857 121.433832471
31.1875249857 121.433744471
31.1875919856 121.43297947
31.1872729856 121.43236747
31.1873649856 121.43230747
31.1874399856 121.43233947
31.1875149856 121.43234947
31.1881499856 121.43233947
31.1886629856 121.43234647
31.1887649856 121.43234447
31.1897569856 121.43247947
31.1904519856 121.43254747
31.1905349856 121.43254647
31.1906119856 121.43255447
31.1911019856 121.43270747
31.1914169856 121.43282247
31.1914869856 121.43284647
31.1923929856 121.433156471
31.1935819857 121.433574471
31.1943449857 121.433757471
31.1949399857 121.434042472
31.1953429857 121.434344472
31.1960379857 121.435564473
31.1962779857 121.436077474
31.1962079857 121.436154474
31.1961829857 121.436124474
31.1954549858 121.436484474
31.1942779858 121.437166475
31.1941079858 121.437189475
31.1941099858 121.437181475
31.1935129858 121.437504475
31.1926099858 121.437599475
31.1923579858 121.437609475
31.1923069858 121.437564475
31.1921949858 121.437489475
31.1921299858 121.437494475
31.1921219858 121.437461475
31.1921019858 121.437421475
31.1920469858 121.437352475
31.1916199858 121.437337475
31.1905869858 121.437452475
31.1900699858 121.437314475
31.1900099858 121.437244475
31.1900379858 121.437159475
31.1898969858 121.436926474
31.1897429858 121.436937474
31.1888999858 121.437751475
31.1876179858 121.438287476
31.1864699858 121.438697476
31.1853019858 121.439099477
31.1841969859 121.439501477
31.1835069859 121.439697477
31.1833299859 121.439814477
31.1825899859 121.439917477
31.1823329859 121.439686477
31.1814919858 121.438546476
31.1806349858 121.437372475
31.1802079858 121.436566474
31.1800329857 121.435894473
31.1800519857 121.435256473
31.1800869857 121.435016472
31.1801649857 121.434729472
31.1801829857 121.434666472
31.1802929857 121.434207472
31.1803799857 121.433969471
31.1805249857 121.433616471
31.1806849856 121.43315247
31.1807819856 121.43284747
31.1809969856 121.43221647
31.1811879856 121.431694469
31.1813699856 121.431176468
31.1814179856 121.431024468
31.1816249856 121.430507468
31.1821119855 121.429294467
31.1823579855 121.428811466
31.1825319855 121.428474466
31.1827169855 121.428101465
31.1828379855 121.427687465
31.1830079855 121.427452465
31.1830199854 121.427317465
31.1831479854 121.426964464
31.1832879854 121.426547464
31.1833979854 121.426157463
31.1835269854 121.425601463
31.1836079854 121.425162462
31.1837499854 121.424537462
31.1839199853 121.423759461
31.1841499853 121.42286946
31.1843719853 121.42237246
31.1845569853 121.422214459
31.1845379853 121.421976459
31.1845929853 121.421837459
31.1849099852 121.421359459
31.1855649852 121.420621458
31.1860079852 121.420237457
31.1861019852 121.420199457
31.1863679852 121.420032457
31.1866329852 121.419837457
31.1870319852 121.419574457
31.1873979852 121.419332456
31.1874869852 121.419276456
31.1876599852 121.419156456
31.1877669852 121.419062456
31.1879279852 121.418947456
31.1883499852 121.418644456
31.1887829851 121.418352456
31.1894179851 121.417829455
31.1903269851 121.417281454
31.1910249851 121.416771454
31.1917049851 121.416279453
31.1926899851 121.415529453
31.193171985 121.415207452
31.193866985 121.414686452
31.194471985 121.414246451
31.195042985 121.413834451
31.195654985 121.413382451
31.196194985 121.41297445
31.196309985 121.41286245
31.1975829849 121.411919449
31.1981569849 121.411474449
31.1990119849 121.410877448
31.1994619849 121.410551448
31.2000229849 121.410024447
31.2006099849 121.409604447
31.2010579848 121.409196446
31.2015899848 121.408916446
31.2029149848 121.408357445
31.2043349848 121.407994445
31.2052399848 121.407839445
31.2053349848 121.407869445
31.2057619848 121.407822445
31.2061869848 121.407771445
31.2062419848 121.407809445
31.2064349848 121.407794445
31.2064729848 121.407797445
31.2067199848 121.407761445
31.2067699848 121.407716445
31.2071179848 121.407782445
31.2071769848 121.407719445
31.2072999848 121.407777445
31.2075149848 121.407699445
31.2075579848 121.407706445
31.2076019848 121.407731445
31.2076419848 121.407741445
31.2085919848 121.407401445
31.2088599848 121.407341445
31.2095399848 121.407421445
31.2095929848 121.407451445
31.2098419848 121.407426445
31.2099729848 121.407401445
#
31.2472199862 121.449459488
31.2475899862 121.450552489
31.2477019863 121.452071491
31.2479879863 121.453269492
31.2480569864 121.454289493
31.2479449864 121.455217494
31.2477049864 121.456294495
31.2471879864 121.457157496
31.2468969864 121.457259496
31.2465819865 121.457697496
31.2463479865 121.458359497
31.2464719865 121.458512497
31.2467629865 121.458759497
31.2468929865 121.458839497
31.2470799865 121.458809497
31.2473499865 121.458634497
31.2474829865 121.458592497
31.2477179865 121.458429497
31.2479599865 121.458362497
31.2480919865 121.458376497
31.2483879865 121.458507497
31.2487229865 121.458539497
31.2491649865 121.458584497
31.2496969865 121.458642497
31.2501719865 121.458724497
31.2511929865 121.458932498
31.2520969865 121.459126498
31.2528999865 121.459249498
31.2541279865 121.459377498
31.2555349865 121.459371498
31.2559149865 121.459339498
31.2571979865 121.459292498
31.2584379865 121.459276498
31.2598019865 121.459074498
31.2610819865 121.458579498
31.2622279865 121.458449497
31.2631899865 121.458967498
31.2639599865 121.460241499
31.2646599866 121.461876501
31.2654499867 121.463642503
31.2664469867 121.465244504
31.2676669868 121.466614506
31.2689599868 121.467671507
31.2700029868 121.469036508
31.2710819869 121.470416509
31.2722379869 121.47142751
31.2734899869 121.472369511
31.274781987 121.473017512
31.276024987 121.473414512
31.276711987 121.473596512
31.277541987 121.473891513
31.277656987 121.474186513
31.277599987 121.474876514
31.2771269871 121.476287515
31.2768719871 121.477676516
31.2769779871 121.478732517
31.2771299871 121.479279518
31.2772119872 121.479624518
31.2775219872 121.480306519
31.2778169872 121.480899519
31.2780679872 121.48136452
31.2784319872 121.482129521
31.2785699873 121.483071521
31.2785569873 121.483646522
31.2785349873 121.484172523
31.2784379873 121.485369524
31.2782879873 121.485869524
31.2781029873 121.485942524
31.2769719873 121.485942524
31.2764829874 121.485992524
31.2759669874 121.486234524
31.2752519874 121.486676525
31.2750769874 121.486647525
31.2750649874 121.486409525
31.2749269874 121.486167524
31.2748599873 121.485876524
31.2746469873 121.485532524
31.2748329873 121.485544524
31.2749419873 121.485702524
31.2750649874 121.486226524
31.2751999874 121.486702525
31.2751019874 121.486831525
31.2744179874 121.487297525
31.2735169874 121.487771526
31.2727679874 121.488284526
31.2715879874 121.488974527
31.2707369875 121.489417527
31.2701969875 121.489419527
31.2699779874 121.489177527
31.2696919874 121.488849527
31.2693899874 121.488531526
31.2691919874 121.488309526
31.2685699874 121.487649526
31.2683129874 121.487304525
31.2681579874 121.487196525
31.2676179874 121.486866525
31.2673149874 121.486682525
31.2670799874 121.486599525
31.2663849874 121.486362524
31.2655519873 121.486081524
31.2646319873 121.485694524
31.2639599873 121.485407523
31.2632719873 121.485146523
#
31.2712919886 121.529141564
31.2711779886 121.529151564
31.2708099886 121.528112563
31.2703619886 121.527229562
31.2702649885 121.527006562
31.2699169885 121.526344561
31.2696719885 121.525979561
31.2696469885 121.525962561
31.2695629885 121.525901561
31.2695469885 121.525854561
31.2694769885 121.525821561
31.2694419885 121.525714561
31.2692799885 121.52518756
31.2689829885 121.52465256
31.2686879885 121.523936559
31.2682779884 121.523009558
31.2677769884 121.521899557
31.2673799884 121.521002556
31.2670269884 121.520222556
31.2668729883 121.519921555
31.2666399883 121.519409555
31.2661999883 121.518387554
31.2660229883 121.517989554
31.2657099883 121.517226553
31.2654429883 121.516671552
31.2653069882 121.516381552
31.2650519882 121.515881552
31.2650029882 121.515761551
31.2647679882 121.515199551
31.2643279882 121.51441455
31.2639849882 121.51378755
31.2637869882 121.513427549
31.2635849881 121.513084549
31.2634249881 121.512816549
31.2631019881 121.512291548
31.2630149881 121.512156548
31.2628279881 121.511816548
31.2626299881 121.511562548
31.2623529881 121.511287547
31.2620229881 121.510864547
31.2615369881 121.510341547
31.2610129881 121.509817546
31.260554988 121.509272546
31.260337988 121.509019545
31.260012988 121.508786545
31.259811988 121.508819545
31.258927988 121.509611546
31.2578199881 121.510397546
31.2567979881 121.511054547
31.2559349881 121.511672548
31.2552119881 121.512154548
31.2546529881 121.512576548
31.2539799881 121.513011549
31.2539229881 121.512964549
31.2538119881 121.512854549
31.2538969881 121.513122549
31.2541199881 121.513244549
31.2545449881 121.512936549
31.2549779881 121.512692549
31.2555469881 121.512289548
31.2563699881 121.511702548
31.2573649881 121.511006547
31.2584219881 121.510219546
31.259416988 121.509434546
31.260297988 121.508614545
31.261167988 121.507822544
31.262084988 121.506891543
31.2629569879 121.506204543
#
31.2699829878 121.502019539
31.2700279878 121.502002539
31.2701819878 121.502021539
31.2703269878 121.502007539
31.2705129878 121.502002539
31.2705949878 121.501984539
31.2709069878 121.502067539
31.2709569878 121.502064539
31.2711729878 121.502082539
31.2716299878 121.502014539
31.2716999878 121.502061539
31.2719129878 121.502139539
31.2724029878 121.502014539
31.2726129878 121.502189539
31.2729419878 121.50251654
31.2734669879 121.50296254
31.2743899879 121.504342541
31.2744499879 121.504371541
31.2748929879 121.505389542
31.275281988 121.506397543
31.275589988 121.507516544
31.275622988 121.507799544
31.275752988 121.508721545
31.275866988 121.509549546
31.2760179881 121.510172547
31.2762799881 121.511099547
31.2764769881 121.511932548
31.2766899881 121.512536549
31.2766999881 121.512754549
31.2767619882 121.513032549
31.2769519882 121.51383955
31.2769929882 121.51410155
31.2770069882 121.51427655
31.2770749882 121.514482551
31.2771449882 121.514799551
31.2772869882 121.515289551
31.2775099882 121.516081552
31.2777099883 121.516842553
31.2778629883 121.517441553
31.2779029883 121.517587553
31.2781269883 121.518319554
31.2783719883 121.519037555
31.2786219883 121.519697555
31.2786729883 121.519814555
31.2786179884 121.520027556
31.2779349884 121.520389556
31.2772899884 121.520711556
31.2766979884 121.521041556
31.2759519884 121.521429557
31.2757069884 121.521522557
31.2755379884 121.521212557
31.2748519883 121.519964555
31.2743719883 121.519049555
31.2741999883 121.518717554
31.2738119883 121.518004554
31.2734499883 121.517347553
31.2732649883 121.516954553
31.2731099883 121.516719553
31.2727469882 121.516009552
31.2722219882 121.515051551
31.2717249882 121.51432655
31.2710749882 121.51351955
31.2703599881 121.512832549
31.2699549881 121.512471549
31.2696379881 121.512121548
31.2694129881 121.511956548
31.2691399881 121.511987548
31.2690819881 121.512046548
31.2687069881 121.512347548
31.2681949881 121.512797549
31.2678579881 121.513097549
31.2676199882 121.513357549
31.2668769882 121.51403955
31.2666779882 121.51417455
31.2666149882 121.51415955
31.2662449882 121.513494549
31.2659169881 121.512619549
31.2658779881 121.512519549
31.2652899881 121.511464548
31.2645869881 121.510522547
31.2640899881 121.509987546
31.263489988 121.509221546
31.263019988 121.508674545
31.262999988 121.508626545
31.262537988 121.508304545
31.261914988 121.507271544
#
31.2768599877 121.496907534
31.2765899877 121.496636534
31.2764879877 121.496537534
31.2762929877 121.496332534
31.2760069877 121.496041534
31.2758349876 121.495804533
31.2757499876 121.495697533
31.2754169876 121.495309533
31.2748729876 121.494661532
31.2742549876 121.494016532
31.2735579876 121.493322531
31.2732629876 121.492954531
31.2732049876 121.492867531
31.2727099875 121.49232253
31.2718499875 121.491391529
31.2709429875 121.490386528
31.2700829875 121.489426527
31.2692349874 121.488457526
31.2685669874 121.487726526
31.2677429874 121.487042525
31.2667449874 121.486501524
31.2665669874 121.486414524
31.2661529874 121.486292524
31.2651929873 121.485921524
31.2640449873 121.485401523
31.2628479873 121.484881523
31.2616369873 121.484312522
31.2600079873 121.484117522
31.2587369873 121.483649522
31.2574319873 121.483016521
31.2565249872 121.482576521
31.2561319872 121.48241252
31.2558479872 121.48246752
31.2550479873 121.483297521
31.2538049873 121.484162522
31.2524869873 121.484541522
31.2513719873 121.484882523
31.2503979873 121.485147523
31.2494329873 121.485181523
31.2487599873 121.485134523
31.2483499873 121.485094523
31.2474479873 121.484977523
31.2468129873 121.484886523
31.2465029873 121.484837522
31.2462229873 121.484841522
31.2461599873 121.484931523
31.2459619873 121.485654523
31.2457999873 121.485864523
31.2451969873 121.485677523
31.2442419873 121.485447523
31.2435249873 121.485689523
31.2433779873 121.485716523
31.2432119873 121.485782523
31.2425669873 121.485769523
31.2415579873 121.485581523
31.2406149873 121.485539523
31.2399869873 121.485609523
31.2392749873 121.485704523
31.2384669873 121.485809523
31.2371819873 121.486182524
31.2362699874 121.486734524
#
