31.2063099885 121.525834559
31.2054419885 121.525539559
31.2041149885 121.525044559
31.2028899885 121.524357558
31.2019429884 121.523311557
31.2016779884 121.522849557
31.2019319884 121.521491555
31.2023219883 121.519781554
31.2027429883 121.517889552
31.2030649882 121.516257551
31.2033369882 121.514684549
31.2036999881 121.512911548
31.2040749881 121.511222546
31.204421988 121.509666545
31.204909988 121.508027543
31.2055479879 121.506364542
31.2061419879 121.50479954
31.2067149878 121.503279539
31.2073279878 121.501624537
31.2079219877 121.499959536
31.2085069877 121.498324534
31.2090519877 121.496822533
31.2094969876 121.496204532
31.2100779876 121.496024532
31.2106479876 121.496212532
31.2111219877 121.496857533
31.2111619877 121.497582534
31.2108429877 121.498242534
31.2103149877 121.498592535
31.2097469877 121.498561535
31.2092919877 121.498114534
31.2091769877 121.497416534
31.2094349877 121.496774533
31.2099649876 121.496429533
31.2102029876 121.496412533
31.2106919876 121.496464533
31.2108179876 121.496462533
31.2109549876 121.496472533
31.2110969876 121.496469533
31.2120249876 121.496551533
31.2128479876 121.496304533
31.2133799876 121.495602532
31.2137299876 121.49390453
31.2142099875 121.49318153
31.2144369875 121.49302453
31.2151429875 121.492032529
31.2150829875 121.491404528
31.2149969875 121.491079528
31.2149029875 121.490259527
31.2147729874 121.489214526
31.2147649874 121.488966526
31.2148769874 121.488804526
31.2155299874 121.488562525
31.2165499874 121.488276525
31.2176129874 121.488027525
31.2186429874 121.487769525
31.2198249874 121.487397524
31.2205099874 121.487157524
31.2213479874 121.486762524
31.2223799873 121.486212523
31.2234279873 121.485692523
31.2240099873 121.485357523
31.2249649873 121.484829522
31.2254999873 121.484782522
31.2257499873 121.485414523
31.2260629873 121.486262523
#
31.2347279855 121.426836465
31.2347999854 121.426724465
31.2351329854 121.425982464
31.2353899854 121.425612464
31.2355669854 121.425616464
31.2358379854 121.425777464
31.2366979854 121.426396465
31.2369769854 121.426686465
31.2369399855 121.427354466
31.2368369855 121.428176467
31.2367649855 121.428419467
31.2368069855 121.428544467
31.2369319855 121.429414468
31.2370799856 121.430422469
31.2374799856 121.43150147
31.2379229856 121.432201471
31.2382279856 121.432681471
31.2385729857 121.433042472
31.2387749857 121.433251472
31.2388119857 121.433399472
31.2386969857 121.433667472
31.2381619857 121.434272473
31.2376049857 121.434651473
31.2368729857 121.435269474
31.2359719858 121.435901474
31.2357449858 121.436199475
31.2357969858 121.436442475
31.2360899858 121.437409476
31.2360399858 121.437539476
31.2351879858 121.438217477
31.2346369858 121.438799477
31.2345479859 121.438894477
31.2342049859 121.439294478
31.2336229859 121.439902478
31.2328519859 121.440659479
31.2319379859 121.44157948
31.2316379859 121.44176648
31.2312869859 121.44189148
31.230354986 121.442079481
31.229574986 121.442232481
31.229516986 121.442244481
31.229154986 121.442352481
31.229096986 121.442396481
31.229034986 121.442474481
31.229034986 121.442539481
31.229374986 121.443326482
31.229721986 121.444097483
31.229857986 121.444446483
31.2301649861 121.445157484
31.2305499861 121.445999484
31.2309899861 121.447101486
31.2313069862 121.448126487
31.2315479862 121.448989487
31.2318929862 121.450041489
31.2319669862 121.450532489
31.2318979862 121.450644489
31.2314969862 121.450974489
31.2313699862 121.45104749
31.2308469863 121.45144149
31.2301819863 121.452131491
31.2302779863 121.452402491
31.2306079863 121.453019491
31.2310279863 121.453674492
31.2310669863 121.453751492
31.2311629863 121.453996492
31.2310449863 121.454166493
31.2304399864 121.454506493
31.2299249864 121.454756493
31.2296049864 121.454874493
#
31.2732119863 121.45101449
31.2730549863 121.45104249
31.2720569863 121.451591491
31.2711119863 121.452191491
31.2707779863 121.452376492
31.2703179863 121.452722492
31.2697329863 121.453079492
31.2688229863 121.453624493
31.2678049864 121.454121493
31.2667399864 121.454579494
31.2656369864 121.455006494
31.2643149864 121.455547495
31.2630479864 121.455786495
31.2624529864 121.455332494
31.2618919863 121.453714493
31.2610749862 121.449936489
31.2607319862 121.448237487
31.2603769861 121.446537486
31.2600169861 121.444812484
31.259632986 121.442964482
31.2586169859 121.438926478
31.2577899858 121.436776476
31.2570779857 121.435012474
31.2564349857 121.433329472
31.2557069856 121.431779471
31.2542469856 121.430349469
31.2525869855 121.428871468
31.2511469855 121.427022466
31.2495029854 121.425466464
31.2481829854 121.423707462
31.2472979853 121.42165746
31.2462699852 121.419602458
31.2450979851 121.417482456
31.2439019851 121.415357454
31.242786985 121.413397452
31.2416429849 121.41173145
31.2404049849 121.410519449
31.2375429848 121.408409446
31.2360799848 121.407329445
31.2346499848 121.406457444
31.2331299847 121.405929444
31.2313349847 121.405481443
31.2295119847 121.405701443
31.2278799848 121.406247444
31.2262019848 121.406312444
31.2244299847 121.406172444
31.2226149847 121.406027443
31.2210419847 121.405959443
31.2176819848 121.406457444
31.2144079848 121.407912445
31.2128229848 121.408059445
31.2111549848 121.407476445
31.2079129848 121.406881444
31.2068899847 121.405642443
31.2058629847 121.404224441
31.2050469846 121.40309444
31.2043129846 121.401709438
31.2035929845 121.398964436
31.2036919845 121.398827435
31.2044349845 121.398542435
31.2047119845 121.398439435
31.2052049845 121.398196435
31.2052329845 121.398002435
31.2048529844 121.397066434
31.2043719844 121.395856432
31.2042299844 121.395387432
31.2041899844 121.395249432
31.2039379843 121.394604431
31.2032569843 121.394319431
31.2029549843 121.39418243
31.2025519843 121.39403743
31.2016069843 121.39372143
31.2009049843 121.39362443
31.2005169843 121.39357743
31.2001079843 121.39352943
31.1992199843 121.39341643
31.1980699843 121.393359429
31.1972919843 121.393354429
31.1962549843 121.39342643
31.1950549843 121.39386243
31.1942929843 121.394387431
31.1940399843 121.394559431
31.1934599843 121.394956431
31.1924099844 121.395691432
31.1915069844 121.396324432
31.1913219844 121.396449433
31.1907729844 121.396852433
31.1897279844 121.397601434
31.1884149845 121.398507435
31.1872679845 121.399329436
31.1867649845 121.399694436
#
31.2604629861 121.444881484
31.2599049861 121.445457485
31.2601799861 121.446081485
31.2604149861 121.447432487
31.2610329862 121.450134489
31.2613519863 121.451471491
31.2616019863 121.452724492
31.2617699863 121.453574493
31.2619849864 121.454471494
31.2623249864 121.455726495
31.2628349865 121.457346496
31.2635699865 121.459197498
31.2642529866 121.4609525
31.2650729866 121.462872502
31.2660449867 121.464649504
31.2673229867 121.466172505
31.2687169868 121.467399506
31.2698679868 121.468847508
31.2711149869 121.470402509
31.2725619869 121.47160751
31.2739319869 121.472502511
31.275354987 121.473072512
31.276894987 121.473566512
31.278381987 121.474136513
31.2803429871 121.476909516
31.2814269871 121.478011517
31.2827799871 121.478334517
31.2843629871 121.478511517
31.2861999871 121.478896518
31.2879969872 121.479472518
31.2898499872 121.480204519
31.2914679872 121.48140252
31.2925949873 121.482816522
31.2935869873 121.484279523
31.2945719874 121.485796524
31.2950729874 121.487286526
31.2956519874 121.489021527
31.2958699875 121.489714528
31.2959879875 121.490209529
31.2961419875 121.490817529
31.2962419875 121.49127453
31.2962419875 121.49127753
31.2963299875 121.49173153
31.2964199875 121.49208753
31.2964469875 121.49220953
31.2965669876 121.492692531
31.2966499876 121.493087531
31.2967829876 121.493519532
31.2968399876 121.493847532
31.2969269876 121.494126532
31.2970099876 121.494601533
31.2970429876 121.494836533
31.2971229876 121.495196533
31.2971769876 121.495419533
31.2972349876 121.495709534
31.2972599877 121.495796534
31.2973219877 121.496101534
31.2973629877 121.496279534
31.2974279877 121.496571535
31.2974949877 121.496831535
31.2975469877 121.497044535
31.2976149877 121.497336535
31.2976969877 121.497589535
31.2978079877 121.497697536
#
31.2882379883 121.517429553
31.2878469883 121.517699554
31.2878069883 121.518041554
31.2880799883 121.518752555
31.2885549884 121.520066556
31.2890819884 121.521611557
31.2895249884 121.522686558
31.2898349885 121.523379559
31.2902819885 121.524047559
31.2910099885 121.52508156
31.2912719885 121.525437561
31.2916229885 121.526002561
31.2921819885 121.526811562
31.2928769886 121.528007563
31.2933129886 121.528859564
31.2935729886 121.529567564
31.2937129886 121.529979565
31.2937479886 121.530051565
31.2941529887 121.530704565
31.2946119887 121.531496566
31.2949319887 121.531927567
31.2951329887 121.532344567
31.2950199887 121.532696567
31.2945599887 121.533262568
31.2937329888 121.534106568
31.2931919888 121.534449569
31.2928549888 121.534556569
31.2922669888 121.535111569
31.2915269888 121.53587457
31.2909849888 121.536497571
31.2902949888 121.537314571
31.2895079889 121.538169572
31.2889599889 121.538661572
31.2885319889 121.539082573
31.2877999889 121.539549573
31.2871849889 121.539812573
31.2865529889 121.540062574
31.2853499889 121.540577574
31.2841099889 121.541004574
31.2836729889 121.541161574
31.2834579889 121.541302575
31.283054989 121.541512575
31.282949989 121.541857575
31.283182989 121.542316575
31.283764989 121.543241576
31.284504989 121.544311577
31.2853279891 121.545511578
31.2858549891 121.546424579
31.2864519891 121.54735458
31.2871379891 121.548421581
31.2877749892 121.549397582
31.2878419892 121.549727582
31.2882119892 121.550214582
31.2885929892 121.550856583
31.2887079892 121.551387583
31.2884979892 121.551597584
31.2877629892 121.551904584
31.2868619892 121.552274584
31.2861479893 121.552466584
31.2852229893 121.552824585
31.2842599893 121.553287585
31.2829649893 121.553684585
31.2826069893 121.553801585
#
