1312
1312
1312
1312
1312
1312
1312
1312
1312
1312
1312
1312
1312
1312
1312
1312
1312
1312
696
696
696
56
56
619
619
619
981
981
981
981
1300
14
14
14
427
427
586
586
586
132
132
132
275
275
275
275
1259
1259
1259
1259
1259
1259
1259
1259
1259
1259
1259
1259
1259
1259
1259
1259
1259
1259
1259
1259
1259
1259
1259
1259
1259
1259
1259
1259
1259
1259
1259
1259
1259
1259
1259
1405
1405
1405
535
535
687
687
21
21
577
577
577
577
577
1151
1151
1151
1151
1151
850
850
850
850
1387
1387
1387
526
526
526
526
772
772
772
772
1329
1329
1329
1329
1329
1329
1329
1329
1329
1329
1329
1329
1329
1329
1329
1329
1329
1329
1329
1329
1329
1329
1329
1329
1329
1329
1329
1329
1329
1329
1329
1329
1329
1329
1329
1329
1329
1329
1329
1329
1329
1329
1329
1329
1329
1329
1021
1021
1021
1021
1021
140
140
140
711
711
1272
1272
1272
389
389
610
610
765
1314
1314
1314
1314
1212
1212
1212
1212
1212
960
81
718
718
718
248
248
1023
1023
1023
948
948
948
1285
1285
877
877
877
1416
1416
1416
494
494
494
49
49
1273
1016
1016
1016
996
1341
1341
465
1261
1261
579
579
802
1141
1135
1135
238
238
238
941
941
941
941
257
257
257
257
236
44
44
608
608
592
592
592
1147
1147
316
316
316
923
923
923
278
1071
1010
1010
1010
1010
1010
1010
1010
783
783
783
783
933
933
113
113
677
677
400
400
400
1181
1181
1181
79
79
79
79
79
79
79
79
79
79
79
79
79
79
79
79
79
79
79
79
79
79
79
79
79
79
79
79
79
79
79
79
79
79
79
79
79
79
79
79
79
79
79
79
79
79
79
79
79
79
79
79
1054
1054
1054
1054
1054
1054
1054
1054
1054
1054
1054
1054
1054
1054
1054
163
163
163
163
163
1390
1390
1390
1190
1190
22
217
217
217
217
658
498
498
974
974
625
625
1224
1224
1031
1031
1031
59
59
59
59
59
59
59
59
59
59
59
59
59
59
59
59
59
59
59
59
59
59
1248
1248
1248
694
694
694
476
476
1109
1109
1109
1347
964
964
1167
1167
975
764
764
1411
1411
607
607
591
591
43
1014
1014
1014
1014
440
440
440
440
440
973
973
763
763
763
1369
1369
179
179
179
1011
1211
436
233
233
41
932
932
1134
1134
1332
125
125
522
522
303
949
949
1399
1399
12
209
209
1045
1045
1232
1232
856
713
713
497
287
287
91
91
91
305
1189
1189
1189
1389
1339
1339
1339
1339
830
830
830
560
1108
414
414
792
792
1133
1133
40
40
382
495
495
495
495
421
1386
1386
1386
1386
1137
1083
1083
374
374
1199
1199
1400
1400
537
114
114
1082
1208
311
534
534
220
220
24
1193
1393
957
957
748
748
929
929
929
434
434
434
394
394
394
394
35
365
365
365
365
378
378
378
378
378
378
378
378
378
378
378
378
378
378
378
378
378
378
378
378
378
378
378
378
378
378
378
378
378
378
378
378
378
378
378
378
378
378
378
378
378
378
378
378
378
378
378
378
378
378
378
378
378
378
1349
1349
1349
1349
1349
1349
1349
1349
1349
1349
1349
1349
1349
1349
1349
1349
1349
1349
1349
1349
129
129
129
129
129
129
129
129
129
15
15
15
15
15
15
15
15
15
15
15
15
15
15
15
15
15
15
15
15
15
15
15
15
15
15
15
15
15
15
15
15
15
15
15
15
15
15
15
15
15
15
15
15
15
15
15
15
15
15
15
15
15
15
15
15
15
15
15
15
15
15
15
15
15
15
15
15
15
15
15
15
15
15
15
15
15
15
15
15
15
15
15
15
15
15
15
15
15
15
15
15
15
15
1236
1236
1236
1236
1236
1236
1236
199
199
199
199
3
3
627
402
767
767
561
561
561
1376
1376
934
721
721
73
73
73
1299
1299
1299
1097
1097
1234
1234
1234
13
13
2
2
2
197
781
1384
1384
1384
1384
1384
1384
1384
1384
1384
1384
1384
1384
1384
1384
1384
1384
1384
1384
1384
1384
1384
1384
1384
1384
1384
1384
1384
1384
1384
1384
1384
1384
1384
1384
1384
1384
1183
1183
1183
1183
1183
1183
357
357
357
157
157
157
157
157
157
157
794
794
794
794
475
475
475
1297
1297
71
71
71
898
898
898
1096
1096
1096
1096
676
676
676
676
458
458
458
458
458
251
251
251
251
251
251
57
57
57
57
57
57
57
57
57
68
68
68
68
68
68
68
68
68
68
68
68
68
68
68
68
68
68
68
68
68
68
68
68
68
68
68
68
68
68
68
68
68
68
1295
1295
1295
1295
1295
1295
733
733
733
112
962
962
962
1402
1402
1402
1402
1064
1064
1064
938
938
938
938
350
350
771
1414
1414
670
670
670
1337
116
116
116
116
116
116
1362
1362
1362
1039
1228
1228
1228
1228
1089
894
894
894
894
97
97
1130
1130
148
148
148
1180
163
163
163
163
163
1390
1390
1390
1190
22
22
217
217
658
93
93
1320
498
974
625
625
625
546
546
546
546
1224
1224
1224
1224
1224
1224
1031
1031
1031
1031
1031
1031
1031
1031
1031
1031
1031
1031
1031
1031
1031
1031
1031
1031
1031
1031
1031
1031
1031
1031
1031
1031
1031
1031
1031
1031
1031
1031
1031
1031
1031
1031
1031
1031
1031
1031
1031
1031
1031
1031
1031
1031
1031
1031
1031
1031
1031
1031
1031
1031
1031
1031
1031
1031
1031
1031
1031
1031
1031
827
827
827
827
827
1248
1248
1248
1248
1248
1248
1248
1248
694
694
694
694
694
694
1086
744
744
956
956
306
306
387
183
183
404
628
628
628
844
65
784
784
986
986
213
213
213
16
16
270
270
270
479
479
128
128
1348
1348
1205
799
799
799
799
1254
1254
1238
1238
1238
1238
1238
699
699
699
699
699
699
1316
1316
141
340
340
340
340
161
161
161
1050
847
847
847
847
847
630
1041
1041
1041
1041
1104
1104
1104
858
640
640
640
640
85
85
85
85
280
280
280
280
280
280
280
280
280
280
280
280
280
280
280
280
280
280
280
280
280
280
280
280
280
280
280
280
280
280
280
280
280
280
901
901
901
1101
1101
315
123
123
123
588
588
588
572
793
28
28
28
28
28
28
28
28
28
28
28
28
28
28
28
28
28
28
28
28
28
28
28
28
651
651
651
651
651
651
651
651
651
651
651
651
651
651
429
429
429
557
557
557
1370
1370
1370
146
146
383
383
383
383
180
180
1165
1165
1165
437
437
808
808
1353
1353
1353
256
256
256
186
186
186
186
186
186
186
186
186
186
186
186
725
725
725
447
447
447
814
814
984
984
101
101
871
871
871
122
688
688
821
821
1365
1365
1163
1163
1163
1163
1163
1163
1163
1163
1163
714
714
714
714
408
408
162
162
162
1339
1339
1339
830
830
560
1108
1108
1108
1108
428
792
1133
1133
40
382
382
382
495
495
421
421
421
1185
1386
1386
1137
1137
1336
1336
442
442
1083
1083
887
887
1199
1199
1199
1400
1400
1400
798
114
114
114
114
1208
1208
1208
311
311
534
534
534
534
534
534
534
534
534
534
534
534
534
534
534
178
178
254
254
951
737
158
158
268
268
739
739
576
360
360
1239
1239
1239
682
682
410
410
410
908
908
908
823
823
823
1417
1417
675
675
675
675
675
675
675
675
520
520
520
302
302
522
522
522
170
170
1357
1357
1357
136
136
835
835
835
835
1275
1275
1090
518
791
791
38
1323
1323
1323
0
1286
1084
1084
509
509
509
375
375
375
565
1240
1240
1240
1240
1240
1240
482
482
482
482
482
482
482
1059
1059
1059
1059
1251
85
85
85
709
640
640
858
858
1104
1104
1104
1104
1041
1041
1041
847
847
161
161
161
161
161
161
161
161
161
161
161
161
161
161
161
740
740
740
740
1298
1298
416
416
416
910
1107
1247
807
807
807
958
958
486
486
486
645
645
645
645
645
645
645
174
174
174
174
174
174
323
323
127
594
594
548
548
1120
1120
868
1408
1408
1369
1369
926
926
926
446
446
446
1
1
766
137
137
478
1061
1061
634
634
775
775
193
193
556
556
556
921
921
921
921
1118
52
52
52
52
402
402
402
402
402
767
561
561
561
561
561
561
1376
1376
1376
721
721
721
73
73
1299
1299
1299
1097
1097
1234
13
13
13
2
2
197
197
401
1384
1384
1384
1384
1384
1384
1384
1384
1384
1384
1384
1384
1384
1384
1384
1384
1384
1384
1384
1384
1384
1384
1384
1384
1384
1384
1384
1384
1384
1384
1384
1384
1384
1384
1384
1384
1384
1384
1384
1384
1384
1384
1384
1384
1384
1384
1384
1384
1384
1384
1384
1384
1384
1384
1384
1384
1384
1384
1384
1384
1384
1384
1384
1384
1384
1384
1384
1384
1183
1183
1183
1183
1183
1183
357
357
357
1056
1056
1056
1056
1249
84
115
173
1057
1057
477
135
135
135
1404
1404
691
1035
1289
107
107
107
107
107
107
107
107
107
107
107
107
107
107
107
107
107
107
107
107
107
107
107
107
107
107
107
107
107
107
107
107
107
107
107
107
107
107
107
107
107
107
107
107
107
107
107
107
107
107
107
107
107
107
107
107
107
107
107
167
167
370
1312
1312
1312
1312
1312
1312
1312
1312
1312
1312
1312
1312
1312
1312
1312
1312
1312
1312
696
696
696
56
56
619
619
619
981
981
981
981
1300
14
14
14
427
427
586
586
586
132
132
132
275
275
275
275
1259
1259
1259
1259
1259
1259
1259
1259
1259
1259
1259
1259
1259
1259
1259
1259
1259
1259
1259
1259
1259
1259
1259
1259
1259
1259
1259
1259
1259
1259
1259
1259
1259
1259
1259
1405
1405
1405
535
535
687
687
21
21
577
577
577
577
577
1151
1151
1151
1151
1151
850
850
850
850
1387
1387
1387
526
526
526
526
772
772
772
772
1329
1329
1329
1329
1329
1329
1329
1329
1329
1329
1329
1329
1329
1329
1329
1329
1329
1329
1329
1329
1329
1329
1329
1329
1329
1329
1329
1329
1329
1329
1329
1329
1329
1329
1329
1329
1329
1329
1329
1329
1329
1329
1329
1329
1329
1329
1021
1021
1021
1021
1021
140
140
140
711
711
1272
1272
1272
389
389
610
610
765
1314
1314
1314
1314
1212
1212
1212
1212
1212
960
81
718
718
718
248
248
1023
1023
1023
948
948
948
1285
1285
877
877
877
1416
1416
1416
494
494
494
49
49
1273
1016
1016
1016
996
1341
1341
465
1261
1261
579
579
802
1141
1135
1135
238
238
238
941
941
941
941
257
257
257
257
236
44
44
608
608
592
592
592
1147
1147
316
316
316
923
923
923
278
1071
1010
1010
1010
1010
1010
1010
1010
783
783
783
783
933
933
113
113
677
677
400
400
400
1181
1181
1181
79
79
79
79
79
79
79
79
79
79
79
79
79
79
79
79
79
79
79
79
79
79
79
79
79
79
79
79
79
79
79
79
79
79
79
79
79
79
79
79
79
79
79
79
79
79
79
79
79
79
79
79
1054
1054
1054
1054
1054
1054
1054
1054
1054
1054
1054
1054
1054
1054
1054
163
163
163
163
163
1390
1390
1390
1190
1190
22
217
217
217
217
658
498
498
974
974
625
625
1224
1224
1031
1031
1031
59
59
59
59
59
59
59
59
59
59
59
59
59
59
59
59
59
59
59
59
59
59
1248
1248
1248
694
694
694
476
476
1109
1109
1109
1347
964
964
1167
1167
975
764
764
1411
1411
607
607
591
591
43
1014
1014
1014
1014
440
440
440
440
440
973
973
763
763
763
1369
1369
179
179
179
1011
1211
436
233
233
41
932
932
1134
1134
1332
125
125
522
522
303
949
949
1399
1399
12
209
209
1045
1045
1232
1232
856
713
713
497
287
287
91
91
91
305
1189
1189
1189
1389
1339
1339
1339
1339
830
830
830
560
1108
414
414
792
792
1133
1133
40
40
382
495
495
495
495
421
1386
1386
1386
1386
1137
1083
1083
374
374
1199
1199
1400
1400
537
114
114
1082
1208
311
534
534
220
220
24
1193
1393
957
957
748
748
929
929
929
434
434
434
394
394
394
394
35
365
365
365
365
378
378
378
378
378
378
378
378
378
378
378
378
378
378
378
378
378
378
378
378
378
378
378
378
378
378
378
378
378
378
378
378
378
378
378
378
378
378
378
378
378
378
378
378
378
378
378
378
378
378
378
378
378
378
1349
1349
1349
1349
1349
1349
1349
1349
1349
1349
1349
1349
1349
1349
1349
1349
1349
1349
1349
1349
129
129
129
129
129
129
129
129
129
15
15
15
15
15
15
15
15
15
15
15
15
15
15
15
15
15
15
15
15
15
15
15
15
15
15
15
15
15
15
15
15
15
15
15
15
15
15
15
15
15
15
15
15
15
15
15
15
15
15
15
15
15
15
15
15
15
15
15
15
15
15
15
15
15
15
15
15
15
15
15
15
15
15
15
15
15
15
15
15
15
15
15
15
15
15
15
15
15
15
15
15
15
15
1236
1236
1236
1236
1236
1236
1236
199
199
199
199
3
3
627
402
767
767
561
561
561
1376
1376
934
721
721
73
73
73
1299
1299
1299
1097
1097
1234
1234
1234
13
13
2
2
2
197
781
1384
1384
1384
1384
1384
1384
1384
1384
1384
1384
1384
1384
1384
1384
1384
1384
1384
1384
1384
1384
1384
1384
1384
1384
1384
1384
1384
1384
1384
1384
1384
1384
1384
1384
1384
1384
1183
1183
1183
1183
1183
1183
357
357
357
157
157
157
157
157
157
157
794
794
794
794
475
475
475
1297
1297
71
71
71
898
898
898
1096
1096
1096
1096
676
676
676
676
458
458
458
458
458
251
251
251
251
251
251
57
57
57
57
57
57
57
57
57
68
68
68
68
68
68
68
68
68
68
68
68
68
68
68
68
68
68
68
68
68
68
68
68
68
68
68
68
68
68
68
68
68
68
1295
1295
1295
1295
1295
1295
733
733
733
112
962
962
962
1402
1402
1402
1402
1064
1064
1064
938
938
938
938
350
350
771
1414
1414
670
670
670
1337
116
116
116
116
116
116
1362
1362
1362
1039
1228
1228
1228
1228
1089
894
894
894
894
97
97
1130
1130
148
148
148
1180
163
163
163
163
163
1390
1390
1390
1190
22
22
217
217
658
93
93
1320
498
974
625
625
625
546
546
546
546
1224
1224
1224
1224
1224
1224
1031
1031
1031
1031
1031
1031
1031
1031
1031
1031
1031
1031
1031
1031
1031
1031
1031
1031
1031
1031
1031
1031
1031
1031
1031
1031
1031
1031
1031
1031
1031
1031
1031
1031
1031
1031
1031
1031
1031
1031
1031
1031
1031
1031
1031
1031
1031
1031
1031
1031
1031
1031
1031
1031
1031
1031
1031
1031
1031
1031
1031
1031
1031
827
827
827
827
827
1248
1248
1248
1248
1248
1248
1248
1248
694
694
694
694
694
694
1086
744
744
956
956
306
306
387
183
183
404
628
628
628
844
65
784
784
986
986
213
213
213
16
16
270
270
270
479
479
128
128
1348
1348
1205
799
799
799
799
1254
1254
1238
1238
1238
1238
1238
699
699
699
699
699
699
1316
1316
141
340
340
340
340
161
161
161
1050
847
847
847
847
847
630
1041
1041
1041
1041
1104
1104
1104
858
640
640
640
640
85
85
85
85
280
280
280
280
280
280
280
280
280
280
280
280
280
280
280
280
280
280
280
280
280
280
280
280
280
280
280
280
280
280
280
280
280
280
901
901
901
1101
1101
315
123
123
123
588
588
588
572
793
28
28
28
28
28
28
28
28
28
28
28
28
28
28
28
28
28
28
28
28
28
28
28
28
651
651
651
651
651
651
651
651
651
651
651
651
651
651
429
429
429
557
557
557
1370
1370
1370
146
146
383
383
383
383
180
180
1165
1165
1165
437
437
808
808
1353
1353
1353
256
256
256
186
186
186
186
186
186
186
186
186
186
186
186
725
725
725
447
447
447
814
814
984
984
101
101
871
871
871
122
688
688
821
821
1365
1365
1163
1163
1163
1163
1163
1163
1163
1163
1163
714
714
714
714
408
408
162
162
162
1339
1339
1339
830
830
560
1108
1108
1108
1108
428
792
1133
1133
40
382
382
382
495
495
421
421
421
1185
1386
1386
1137
1137
1336
1336
442
442
1083
1083
887
887
1199
1199
1199
1400
1400
1400
798
114
114
114
114
1208
1208
1208
311
311
534
534
534
534
534
534
534
534
534
534
534
534
534
534
534
178
178
254
254
951
737
158
158
268
268
739
739
576
360
360
1239
1239
1239
682
682
410
410
410
908
908
908
823
823
823
1417
1417
675
675
675
675
675
675
675
675
520
520
520
302
302
522
522
522
170
170
1357
1357
1357
136
136
835
835
835
835
1275
1275
1090
518
791
791
38
1323
1323
1323
0
1286
1084
1084
509
509
509
375
375
375
565
1240
1240
1240
1240
1240
1240
482
482
482
482
482
482
482
1059
1059
1059
1059
1251
85
85
85
709
640
640
858
858
1104
1104
1104
1104
1041
1041
1041
847
847
161
161
161
161
161
161
161
161
161
161
161
161
161
161
161
740
740
740
740
1298
1298
416
416
416
910
1107
1247
807
807
807
958
958
486
486
486
645
645
645
645
645
645
645
174
174
174
174
174
174
323
323
127
594
594
548
548
1120
1120
868
1408
1408
1369
1369
926
926
926
446
446
446
1
1
766
137
137
478
1061
1061
634
634
775
775
193
193
556
556
556
921
921
921
921
1118
52
52
52
52
402
402
402
402
402
767
561
561
561
561
561
561
1376
1376
1376
721
721
721
73
73
1299
1299
1299
1097
1097
1234
13
13
13
2
2
197
197
401
1384
1384
1384
1384
1384
1384
1384
1384
1384
1384
1384
1384
1384
1384
1384
1384
1384
1384
1384
1384
1384
1384
1384
1384
1384
1384
1384
1384
1384
1384
1384
1384
1384
1384
1384
1384
1384
1384
1384
1384
1384
1384
1384
1384
1384
1384
1384
1384
1384
1384
1384
1384
1384
1384
1384
1384
1384
1384
1384
1384
1384
1384
1384
1384
1384
1384
1384
1384
1183
1183
1183
1183
1183
1183
357
357
357
1056
1056
1056
1056
1249
84
115
173
1057
1057
477
135
135
135
1404
1404
691
1035
1289
107
107
107
107
107
107
107
107
107
107
107
107
107
107
107
107
107
107
107
107
107
107
107
107
107
107
107
107
107
107
107
107
107
107
107
107
107
107
107
107
107
107
107
107
107
107
107
107
107
107
107
107
107
107
107
107
107
107
107
167
167
370
370
167
167
167
29
29
29
29
29
29
29
476
1109
1109
1347
1157
975
975
975
764
764
764
547
547
547
547
547
547
547
547
547
547
547
547
547
547
547
547
547
547
547
547
547
547
547
547
547
333
333
333
333
333
333
386
386
607
607
607
607
607
591
591
591
591
591
810
810
810
1014
1014
666
666
666
666
666
666
666
666
666
666
666
666
666
666
666
666
666
666
666
666
666
666
666
666
666
666
666
666
666
666
666
666
666
666
666
666
666
666
666
666
440
440
440
440
973
973
973
973
763
763
763
763
763
763
763
763
763
763
763
763
763
763
763
763
763
763
763
763
763
763
763
763
763
763
763
763
763
763
763
763
763
763
763
763
763
763
763
763
763
763
763
763
763
763
763
763
763
763
763
763
763
763
763
763
763
763
763
763
763
763
763
763
763
763
763
763
763
763
763
763
763
763
763
763
763
763
763
763
763
763
763
763
763
763
763
763
763
763
763
1369
1369
1369
1369
1369
1369
1369
1369
1369
1369
1369
1369
1369
1369
1369
1369
1369
1369
1369
1369
1369
1369
1369
1369
1369
1369
1369
1369
1369
1369
1369
1369
1369
1369
1369
1369
1369
1369
1369
1369
1369
1369
1369
1408
1408
179
179
650
650
650
1324
335
548
594
594
127
376
1258
1306
1306
958
807
807
1247
1247
1107
1107
210
210
210
210
210
210
72
72
72
72
72
72
72
740
161
1050
1050
1050
1410
226
226
1110
1110
301
1182
1182
310
310
679
679
1346
1346
1346
595
1270
1270
507
507
507
738
738
1401
1401
873
873
1123
1123
786
1049
700
700
968
968
954
1202
1202
875
875
1125
1125
789
789
789
1052
851
144
353
353
202
202
1105
1105
762
397
397
1279
1279
612
612
356
637
1069
277
277
1274
1274
496
512
1381
1381
379
379
454
809
809
652
652
1325
961
240
913
913
1361
499
499
499
499
145
342
555
931
931
454
454
454
454
454
454
454
454
454
454
454
454
454
454
454
454
1277
1277
1277
1277
1277
589
589
589
589
589
504
504
504
319
319
319
319
1412
1412
1412
1412
240
443
530
342
342
342
555
555
555
191
1421
1421
195
195
195
195
195
195
456
456
456
151
151
151
931
931
1132
879
879
661
989
936
936
936
936
936
936
724
1047
1047
1184
987
987
1328
1328
104
1296
1296
624
624
1375
1168
1168
1168
648
648
648
648
648
1207
1207
1207
1207
1331
130
130
906
906
906
906
4
4
4
4
4
746
746
746
746
746
746
746
746
746
746
746
746
746
746
746
746
746
746
746
746
746
746
746
746
746
746
746
746
746
746
746
746
746
746
746
746
746
746
746
746
746
746
746
746
746
746
746
746
746
119
119
119
119
119
309
309
309
1051
1051
1051
849
849
849
18
1241
422
1115
1318
1318
1318
90
90
286
286
286
273
273
483
760
760
760
542
542
542
542
542
542
542
542
542
542
542
542
542
542
542
542
328
328
328
328
566
566
566
566
352
352
352
352
154
379
379
379
379
454
454
454
589
589
589
869
869
504
504
319
319
319
319
1412
1412
1412
1412
240
240
240
240
240
240
240
240
240
240
240
271
271
480
480
480
480
87
87
87
87
87
87
283
283
283
283
1112
966
966
757
757
757
757
715
715
715
500
500
1128
1342
1342
1342
1342
1342
117
117
117
117
117
308
308
308
529
529
529
529
804
804
804
804
804
804
581
581
581
581
581
364
364
364
364
1383
1383
1177
1177
1177
206
206
206
411
411
411
411
1230
1230
1230
1230
1230
9
9
9
9
9
9
9
9
9
9
9
9
9
9
9
9
9
9
9
9
9
9
9
9
9
9
9
9
9
9
9
9
9
9
9
355
355
355
355
355
355
355
355
355
355
355
839
839
839
839
839
839
839
839
839
839
839
839
839
839
839
839
839
839
839
839
839
839
839
839
839
839
839
839
839
839
839
839
839
839
839
839
839
839
839
839
839
839
839
570
570
413
413
896
896
896
732
732
759
759
759
1024
1024
1024
435
230
230
705
705
705
1155
1155
605
605
1036
681
332
181
181
181
181
181
883
883
883
883
883
883
883
883
883
883
181
181
181
181
181
181
681
681
605
605
1155
1155
705
705
705
705
230
230
435
1024
1024
759
759
759
759
732
732
896
896
896
896
413
413
413
570
570
570
839
839
839
839
839
839
839
355
355
355
355
355
355
515
515
515
515
515
515
516
299
299
299
889
889
889
889
889
889
889
554
554
554
554
554
554
554
1127
1127
1127
1127
244
244
244
244
244
244
244
836
836
836
836
836
836
836
836
1378
1378
1378
1378
1378
506
506
506
506
1305
1305
1305
1305
1305
1002
1002
1002
1002
1002
126
551
551
551
551
551
551
551
551
551
551
551
551
551
551
551
551
551
551
768
768
768
978
978
978
1172
1172
1172
613
391
391
187
187
187
187
1415
1415
1415
1215
1102
1102
1102
243
243
243
243
243
243
942
942
942
942
942
942
942
942
950
950
950
950
950
950
950
950
950
950
950
950
950
950
950
950
950
950
950
950
950
950
171
171
171
171
171
171
171
171
171
171
171
171
171
171
171
171
171
171
171
171
171
171
171
171
171
171
171
171
171
171
171
171
171
171
171
171
171
171
171
171
171
171
171
171
171
171
171
171
171
171
171
171
171
171
171
171
171
171
171
171
171
171
171
171
171
171
171
171
171
171
171
171
171
171
171
171
171
171
171
171
171
171
171
171
171
171
171
171
171
171
171
171
171
171
171
171
171
171
171
171
171
171
171
171
171
171
171
171
171
171
171
171
171
171
171
171
171
171
171
171
171
171
171
171
171
171
171
171
171
171
171
171
171
171
171
171
171
171
171
171
171
171
171
171
171
171
171
171
171
171
171
171
171
171
171
171
171
171
171
171
171
171
171
171
171
171
171
171
171
171
171
171
171
171
171
171
171
171
171
171
171
171
171
171
171
171
171
171
171
171
171
171
171
171
171
171
171
171
171
171
171
171
171
171
171
171
171
171
171
171
171
171
171
171
171
171
171
171
171
171
171
171
171
171
171
171
171
171
171
171
171
171
171
171
171
171
171
171
171
171
171
171
171
171
171
171
171
171
171
171
171
171
171
171
171
171
171
171
171
171
171
171
171
171
171
171
171
171
171
171
171
171
171
171
171
171
171
171
171
171
171
171
171
171
171
171
171
171
171
171
171
171
171
171
171
171
171
171
171
171
171
171
171
171
171
171
171
171
171
171
171
171
171
171
171
171
171
171
171
171
171
171
171
171
171
171
171
171
171
171
171
171
171
171
171
171
171
171
171
171
171
171
171
171
171
171
171
171
171
171
171
171
171
171
171
171
171
171
171
171
171
171
171
171
171
171
171
171
171
171
171
171
171
171
171
171
171
171
171
171
171
171
171
171
171
171
171
171
171
171
171
171
171
171
872
872
872
872
872
872
872
872
872
872
872
872
872
872
872
872
872
872
872
872
872
872
872
872
872
872
872
872
872
872
872
872
872
872
872
872
872
872
872
872
872
872
872
872
872
872
872
872
872
872
872
872
872
872
872
872
872
872
872
872
872
872
872
872
872
872
872
872
872
872
872
872
872
872
872
872
872
872
872
872
872
872
872
872
872
872
872
872
872
872
872
872
872
171
171
171
171
171
171
171
171
171
171
171
171
171
171
171
171
171
171
171
171
171
171
171
171
171
171
171
171
171
171
171
171
171
171
171
171
171
171
171
171
171
171
171
171
171
171
171
171
171
171
171
171
171
171
171
171
171
171
171
171
171
171
171
171
171
171
171
171
171
171
171
171
872
872
872
872
872
872
872
872
872
872
872
872
872
872
872
872
872
872
872
872
872
872
872
872
872
872
872
872
872
872
1046
1046
1046
1046
1046
1046
1046
1046
1046
1046
1046
872
872
872
872
1046
1046
1046
1046
1046
1046
1046
1046
1046
1046
1046
1046
1046
1046
1046
1046
1046
1046
1046
1046
1046
1046
1046
1046
1046
1046
1046
1046
1046
1046
1046
1046
1046
1046
1046
1046
1046
1046
1046
1046
1046
1046
1046
1046
925
925
925
925
925
925
925
925
925
925
925
925
925
925
925
925
925
338
338
338
338
338
338
338
1216
1216
1216
1216
1216
1216
204
204
246
246
246
246
246
246
246
246
246
246
1233
1233
1233
1233
1233
1233
1233
1233
1233
1233
1233
1233
1233
1233
1233
1233
1233
1233
1233
1233
1233
909
909
909
909
909
909
909
909
909
993
993
993
993
471
471
471
1293
1293
1293
1293
66
66
66
66
66
895
1091
1091
1091
1091
1091
1091
1091
1091
1091
1343
1343
1343
1343
1343
1343
1343
1343
1343
1343
1343
1343
1343
1343
1343
118
118
118
118
118
118
118
118
118
839
839
839
839
839
839
839
839
839
839
839
839
839
839
9
9
9
9
1230
1230
1230
1230
1230
1230
411
411
411
411
411
411
206
206
206
854
854
854
854
636
636
1383
1383
364
364
364
581
581
581
581
581
581
804
804
804
804
804
804
804
804
804
804
804
804
804
804
804
804
804
804
529
529
529
529
529
529
308
308
308
308
117
117
117
1342
1342
1342
1342
1342
1342
1342
1342
1342
1342
1342
1342
1342
1342
1342
1192
1192
1192
1192
1192
1391
1068
1068
1068
1068
1321
1321
1321
1321
1321
777
777
777
10
317
1197
1197
1197
860
860
860
1188
1188
1188
1188
215
215
215
215
215
215
215
215
1304
1304
1304
1304
517
730
730
26
26
26
1004
1004
803
803
803
803
803
803
803
426
426
426
426
805
805
805
329
329
1153
674
674
6
6
773
773
773
593
593
371
371
371
371
371
1015
1345
1094
897
897
897
195
195
151
931
1132
1132
879
989
989
1246
1246
1246
312
312
801
801
756
1313
1313
1252
812
812
75
75
75
75
75
1058
1058
1058
1058
1058
1196
1196
1196
95
920
920
920
876
276
276
276
865
865
865
865
138
138
138
138
912
881
663
663
383
604
604
825
825
557
557
345
651
651
28
223
223
572
572
588
588
588
368
368
368
123
315
315
315
536
536
293
280
85
85
85
1104
1104
1041
1041
1041
1041
1041
1041
1041
1041
1041
1041
1041
1041
1041
1041
1041
1041
1041
1041
1041
1041
1041
1041
1041
1041
1041
1041
1221
1221
1221
1221
1221
847
847
1050
1050
1050
1050
1050
1050
1038
1038
1038
340
141
141
770
770
699
915
915
915
915
915
915
915
915
915
915
272
272
272
1174
1174
1174
392
392
392
392
672
672
672
452
452
235
235
235
235
235
103
103
1327
406
406
406
406
1290
1290
1290
1290
1290
729
729
729
108
108
911
911
911
911
911
911
911
911
133
133
133
133
133
831
831
609
609
1253
1253
1253
86
86
86
86
1355
1355
1355
1355
1355
1214
1214
1214
1214
1214
1214
1214
1214
1214
1214
1214
1214
1214
1214
1214
1214
1214
1214
1214
1214
1214
1214
1214
1214
1214
1214
1214
1214
1214
1214
1214
1214
1214
1214
1214
1214
1214
1214
1214
1214
1214
1214
1214
1214
1214
1214
1214
1214
1214
1214
1214
1214
1214
1214
1214
1214
1214
1214
1214
1214
1214
1214
1214
444
444
444
444
444
88
88
88
769
769
769
614
614
285
285
351
351
351
939
939
939
787
787
787
19
19
19
528
528
1203
1203
1203
1003
1203
1203
1203
1003
1066
1066
1066
1257
1257
467
467
467
1351
1351
578
578
578
578
424
218
800
800
1204
1204
1204
1204
1204
1204
1204
1204
1204
1204
1204
1204
1204
1405
1405
1405
1405
1405
1405
1405
1405
1405
1405
1405
1405
1405
1405
1405
1405
1405
535
535
535
535
535
687
216
216
216
216
577
1151
1151
850
850
850
850
850
1387
1387
1387
1387
1387
1387
1387
1387
1387
1387
1387
1387
1387
1387
1387
1387
1387
1387
1387
1387
526
526
526
526
526
526
526
772
772
772
1329
1329
1329
1329
1021
1021
1021
1021
1021
140
140
140
711
711
1272
1272
1074
1074
1074
1074
1074
1074
1074
1074
1074
1074
1074
1074
1074
1074
1074
1074
1074
1074
1074
1074
1074
1074
241
241
241
241
241
48
48
48
668
668
88
88
914
914
1113
1113
1113
349
153
153
1380
1380
1173
1173
1173
1186
1186
629
629
629
629
629
629
629
629
629
629
629
629
629
629
629
629
629
629
629
629
629
629
629
629
629
629
629
629
629
629
629
629
629
629
629
629
629
629
629
629
629
629
629
629
629
629
629
629
629
629
629
629
629
629
629
629
629
629
629
629
629
629
629
629
629
629
629
629
629
629
629
629
629
629
629
629
629
629
629
629
629
629
629
629
629
629
629
629
629
629
629
629
629
629
629
629
629
846
846
846
846
846
1049
1049
1049
1049
1049
700
700
700
481
1160
741
741
741
741
741
741
741
954
954
954
1202
1403
1403
1403
1403
1403
1403
1284
1284
1284
1284
1284
1284
61
61
61
61
61
61
61
61
61
61
61
61
61
61
61
61
61
61
61
61
61
61
61
61
61
61
61
61
61
61
61
61
61
61
61
61
61
61
61
61
61
61
61
61
61
61
61
61
61
61
61
61
61
61
61
61
61
61
61
61
61
61
61
61
61
61
61
61
61
61
61
61
61
61
61
61
61
61
61
61
61
61
61
61
61
61
61
61
61
61
61
61
61
61
61
61
61
61
61
61
61
61
61
61
61
61
61
61
61
61
61
61
61
61
61
61
61
61
61
61
61
61
61
61
61
61
61
61
61
61
61
61
61
61
61
61
61
61
61
61
61
61
61
61
61
61
61
61
61
61
61
61
61
61
61
61
61
61
61
61
61
61
61
61
61
61
61
61
61
61
61
61
61
61
61
61
61
61
61
61
61
61
61
61
61
61
61
61
61
61
61
61
61
61
61
61
61
61
61
61
61
61
61
61
61
61
61
61
61
61
61
61
61
61
61
61
61
61
61
61
61
61
61
61
61
61
61
61
61
61
61
61
61
61
61
61
61
61
61
61
61
61
61
61
61
61
61
61
61
61
61
61
61
61
61
61
61
61
61
61
61
61
61
61
61
61
61
61
61
61
61
61
61
61
61
61
61
61
61
61
61
61
61
61
61
61
61
61
61
61
61
61
61
61
61
61
61
61
61
61
61
61
61
61
61
61
61
61
61
61
61
61
61
61
61
61
61
61
61
61
61
61
61
61
61
61
61
61
61
61
61
61
61
61
61
61
61
61
61
61
61
61
61
61
61
61
61
61
61
61
61
61
61
61
61
61
61
61
61
61
61
61
61
61
61
61
61
61
61
61
61
61
61
61
61
61
61
61
61
61
61
61
61
61
61
61
61
61
61
61
61
61
61
61
61
61
61
61
61
61
61
61
61
61
61
61
61
61
61
61
61
61
61
61
61
61
61
61
61
61
61
61
61
61
61
61
61
61
61
61
61
61
61
61
61
61
61
61
61
61
61
61
61
61
61
61
61
61
61
61
61
61
61
61
61
61
61
61
61
61
61
61
61
61
61
61
61
61
61
61
61
61
61
61
61
61
61
61
61
61
61
61
61
61
61
61
61
61
61
61
61
61
61
61
61
61
61
61
61
61
61
61
61
61
61
61
61
61
61
61
61
61
61
61
61
61
61
61
61
61
61
61
61
61
61
61
61
61
61
61
61
61
61
61
61
61
61
61
61
61
61
61
61
61
61
61
61
61
61
61
61
61
61
61
61
61
61
61
61
61
61
61
61
61
61
61
61
61
61
61
61
61
61
61
61
61
61
61
61
61
61
61
61
61
61
61
61
61
61
61
253
253
253
253
253
460
460
460
460
460
441
441
441
441
441
667
667
884
884
884
1081
1081
1081
70
70
70
266
266
266
266
474
474
693
693
693
678
678
678
1231
1231
1231
1231
1231
1044
1044
1044
1044
842
842
842
842
622
622
622
622
622
1398
1398
1398
1398
1398
1398
1398
1398
1398
1398
1398
1398
1398
1398
1398
1398
1398
1398
1398
1398
1398
1398
1398
1398
1398
1398
1398
1398
1398
1398
1398
1398
1398
1398
1398
1398
1398
1398
1398
1398
1398
1398
1398
1398
1196
1196
1196
1196
1196
997
997
1250
1250
1250
697
697
169
169
169
1060
1060
1313
1313
1313
756
756
756
801
801
801
312
312
312
312
312
806
806
806
806
1246
1246
1246
27
27
69
69
692
692
473
473
473
665
665
439
439
439
1080
1080
1080
882
58
58
1282
1282
1282
459
459
459
252
252
252
431
431
431
225
225
870
870
870
1223
1223
1419
1419
1419
1419
1419
1419
1419
1419
1419
1419
1419
1419
1419
1419
1419
1419
1419
1419
1419
1419
1419
1419
1419
1419
1419
1419
1419
1419
1419
1419
1419
1419
1419
1419
1419
1419
1419
1419
1419
1419
1419
826
826
826
1030
1030
1030
385
1372
1372
1166
1166
1166
635
635
635
635
635
635
635
635
635
635
635
635
635
635
635
635
635
635
635
635
635
635
635
635
635
635
635
635
635
635
635
635
635
635
635
635
635
635
635
635
635
635
635
635
635
635
635
635
635
635
635
635
635
635
635
635
635
635
635
635
635
635
635
635
635
635
635
635
635
635
635
635
635
635
635
409
409
409
409
409
409
409
202
202
202
202
202
8
8
23
23
23
23
1243
1243
1243
1243
1055
1055
1055
853
853
853
853
853
853
853
853
864
864
864
864
864
864
864
864
864
864
864
864
864
864
864
864
864
864
864
864
864
864
864
864
864
864
864
864
864
864
864
864
864
864
864
864
864
646
646
646
646
646
646
646
646
288
288
288
288
288
288
288
288
288
121
121
121
121
121
1210
1210
1210
39
39
39
39
1235
1235
1235
1235
1235
74
74
74
74
1368
1368
1368
1368
1368
1368
192
192
192
192
192
192
192
192
1294
1294
1294
1294
1294
1294
900
1100
1100
1100
1100
1100
1100
1100
1100
322
322
322
322
322
1019
1019
1019
1019
1019
1019
1019
1019
1019
1019
1019
1242
1242
1242
1242
1242
1242
485
485
485
485
92
281
281
281
281
1158
1158
1158
596
596
596
464
464
1340
1340
1340
1340
995
995
995
433
433
433
289
289
289
745
745
745
529
529
529
529
529
308
308
308
308
308
117
117
117
117
1342
1342
1342
1342
1342
1342
1342
1342
1342
1342
1192
1192
1192
1192
1192
1391
1068
1068
1068
1068
1068
1068
1068
1068
1068
1321
1321
1321
1321
1321
1321
777
777
777
777
10
10
1197
1197
1197
860
860
860
1188
1188
1188
215
215
215
686
1304
1304
1304
517
730
730
1394
1394
1394
26
26
26
26
803
803
803
803
46
46
723
508
508
160
988
988
947
735
269
1099
743
743
166
1152
598
53
1276
930
1129
1129
1129
1179
558
558
659
37
37
231
54
1075
1026
1319
1065
1388
1388
1187
527
527
1312
1312
1312
1312
1312
1312
1312
1312
1312
1312
1312
1312
1312
1312
1312
1312
1312
1312
696
696
696
56
56
619
619
619
981
981
981
981
1300
14
14
14
427
427
586
586
586
132
132
132
275
275
275
275
1259
1259
1259
1259
1259
1259
1259
1259
1259
1259
1259
1259
1259
1259
1259
1259
1259
1259
1259
1259
1259
1259
1259
1259
1259
1259
1259
1259
1259
1259
1259
1259
1259
1259
1259
1405
1405
1405
535
535
687
687
21
21
577
577
577
577
577
1151
1151
1151
1151
1151
850
850
850
850
1387
1387
1387
526
526
526
526
772
772
772
772
1329
1329
1329
1329
1329
1329
1329
1329
1329
1329
1329
1329
1329
1329
1329
1329
1329
1329
1329
1329
1329
1329
1329
1329
1329
1329
1329
1329
1329
1329
1329
1329
1329
1329
1329
1329
1329
1329
1329
1329
1329
1329
1329
1329
1329
1329
1021
1021
1021
1021
1021
140
140
140
711
711
1272
1272
1272
389
389
610
610
765
1314
1314
1314
1314
1212
1212
1212
1212
1212
960
81
718
718
718
248
248
1023
1023
1023
948
948
948
1285
1285
877
877
877
1416
1416
1416
494
494
494
49
49
1273
1016
1016
1016
996
1341
1341
465
1261
1261
579
579
802
1141
1135
1135
238
238
238
941
941
941
941
257
257
257
257
236
44
44
608
608
592
592
592
1147
1147
316
316
316
923
923
923
278
1071
1010
1010
1010
1010
1010
1010
1010
783
783
783
783
933
933
113
113
677
677
400
400
400
1181
1181
1181
79
79
79
79
79
79
79
79
79
79
79
79
79
79
79
79
79
79
79
79
79
79
79
79
79
79
79
79
79
79
79
79
79
79
79
79
79
79
79
79
79
79
79
79
79
79
79
79
79
79
79
79
1054
1054
1054
1054
1054
1054
1054
1054
1054
1054
1054
1054
1054
1054
1054
163
163
163
163
163
1390
1390
1390
1190
1190
22
217
217
217
217
658
498
498
974
974
625
625
1224
1224
1031
1031
1031
59
59
59
59
59
59
59
59
59
59
59
59
59
59
59
59
59
59
59
59
59
59
1248
1248
1248
694
694
694
476
476
1109
1109
1109
1347
964
964
1167
1167
975
764
764
1411
1411
607
607
591
591
43
1014
1014
1014
1014
440
440
440
440
440
973
973
763
763
763
1369
1369
179
179
179
1011
1211
436
233
233
41
932
932
1134
1134
1332
125
125
522
522
303
949
949
1399
1399
12
209
209
1045
1045
1232
1232
856
713
713
497
287
287
91
91
91
305
1189
1189
1189
1389
1339
1339
1339
1339
830
830
830
560
1108
414
414
792
792
1133
1133
40
40
382
495
495
495
495
421
1386
1386
1386
1386
1137
1083
1083
374
374
1199
1199
1400
1400
537
114
114
1082
1208
311
534
534
220
220
24
1193
1393
957
957
748
748
929
929
929
434
434
434
394
394
394
394
35
365
365
365
365
378
378
378
378
378
378
378
378
378
378
378
378
378
378
378
378
378
378
378
378
378
378
378
378
378
378
378
378
378
378
378
378
378
378
378
378
378
378
378
378
378
378
378
378
378
378
378
378
378
378
378
378
378
378
1349
1349
1349
1349
1349
1349
1349
1349
1349
1349
1349
1349
1349
1349
1349
1349
1349
1349
1349
1349
129
129
129
129
129
129
129
129
129
15
15
15
15
15
15
15
15
15
15
15
15
15
15
15
15
15
15
15
15
15
15
15
15
15
15
15
15
15
15
15
15
15
15
15
15
15
15
15
15
15
15
15
15
15
15
15
15
15
15
15
15
15
15
15
15
15
15
15
15
15
15
15
15
15
15
15
15
15
15
15
15
15
15
15
15
15
15
15
15
15
15
15
15
15
15
15
15
15
15
15
15
15
15
1236
1236
1236
1236
1236
1236
1236
199
199
199
199
3
3
627
402
767
767
561
561
561
1376
1376
934
721
721
73
73
73
1299
1299
1299
1097
1097
1234
1234
1234
13
13
2
2
2
197
781
1384
1384
1384
1384
1384
1384
1384
1384
1384
1384
1384
1384
1384
1384
1384
1384
1384
1384
1384
1384
1384
1384
1384
1384
1384
1384
1384
1384
1384
1384
1384
1384
1384
1384
1384
1384
1183
1183
1183
1183
1183
1183
357
357
357
157
157
157
157
157
157
157
794
794
794
794
475
475
475
1297
1297
71
71
71
898
898
898
1096
1096
1096
1096
676
676
676
676
458
458
458
458
458
251
251
251
251
251
251
57
57
57
57
57
57
57
57
57
68
68
68
68
68
68
68
68
68
68
68
68
68
68
68
68
68
68
68
68
68
68
68
68
68
68
68
68
68
68
68
68
68
68
1295
1295
1295
1295
1295
1295
733
733
733
112
962
962
962
1402
1402
1402
1402
1064
1064
1064
938
938
938
938
350
350
771
1414
1414
670
670
670
1337
116
116
116
116
116
116
1362
1362
1362
1039
1228
1228
1228
1228
1089
894
894
894
894
97
97
1130
1130
148
148
148
1180
163
163
163
163
163
1390
1390
1390
1190
22
22
217
217
658
93
93
1320
498
974
625
625
625
546
546
546
546
1224
1224
1224
1224
1224
1224
1031
1031
1031
1031
1031
1031
1031
1031
1031
1031
1031
1031
1031
1031
1031
1031
1031
1031
1031
1031
1031
1031
1031
1031
1031
1031
1031
1031
1031
1031
1031
1031
1031
1031
1031
1031
1031
1031
1031
1031
1031
1031
1031
1031
1031
1031
1031
1031
1031
1031
1031
1031
1031
1031
1031
1031
1031
1031
1031
1031
1031
1031
1031
827
827
827
827
827
1248
1248
1248
1248
1248
1248
1248
1248
694
694
694
694
694
694
1086
744
744
956
956
306
306
387
183
183
404
628
628
628
844
65
784
784
986
986
213
213
213
16
16
270
270
270
479
479
128
128
1348
1348
1205
799
799
799
799
1254
1254
1238
1238
1238
1238
1238
699
699
699
699
699
699
1316
1316
141
340
340
340
340
161
161
161
1050
847
847
847
847
847
630
1041
1041
1041
1041
1104
1104
1104
858
640
640
640
640
85
85
85
85
280
280
280
280
280
280
280
280
280
280
280
280
280
280
280
280
280
280
280
280
280
280
280
280
280
280
280
280
280
280
280
280
280
280
901
901
901
1101
1101
315
123
123
123
588
588
588
572
793
28
28
28
28
28
28
28
28
28
28
28
28
28
28
28
28
28
28
28
28
28
28
28
28
651
651
651
651
651
651
651
651
651
651
651
651
651
651
429
429
429
557
557
557
1370
1370
1370
146
146
383
383
383
383
180
180
1165
1165
1165
437
437
808
808
1353
1353
1353
256
256
256
186
186
186
186
186
186
186
186
186
186
186
186
725
725
725
447
447
447
814
814
984
984
101
101
871
871
871
122
688
688
821
821
1365
1365
1163
1163
1163
1163
1163
1163
1163
1163
1163
714
714
714
714
408
408
162
162
162
1339
1339
1339
830
830
560
1108
1108
1108
1108
428
792
1133
1133
40
382
382
382
495
495
421
421
421
1185
1386
1386
1137
1137
1336
1336
442
442
1083
1083
887
887
1199
1199
1199
1400
1400
1400
798
114
114
114
114
1208
1208
1208
311
311
534
534
534
534
534
534
534
534
534
534
534
534
534
534
534
178
178
254
254
951
737
158
158
268
268
739
739
576
360
360
1239
1239
1239
682
682
410
410
410
908
908
908
823
823
823
1417
1417
675
675
675
675
675
675
675
675
520
520
520
302
302
522
522
522
170
170
1357
1357
1357
136
136
835
835
835
835
1275
1275
1090
518
791
791
38
1323
1323
1323
0
1286
1084
1084
509
509
509
375
375
375
565
1240
1240
1240
1240
1240
1240
482
482
482
482
482
482
482
1059
1059
1059
1059
1251
85
85
85
709
640
640
858
858
1104
1104
1104
1104
1041
1041
1041
847
847
161
161
161
161
161
161
161
161
161
161
161
161
161
161
161
740
740
740
740
1298
1298
416
416
416
910
1107
1247
807
807
807
958
958
486
486
486
645
645
645
645
645
645
645
174
174
174
174
174
174
323
323
127
594
594
548
548
1120
1120
868
1408
1408
1369
1369
926
926
926
446
446
446
1
1
766
137
137
478
1061
1061
634
634
775
775
193
193
556
556
556
921
921
921
921
1118
52
52
52
52
402
402
402
402
402
767
561
561
561
561
561
561
1376
1376
1376
721
721
721
73
73
1299
1299
1299
1097
1097
1234
13
13
13
2
2
197
197
401
1384
1384
1384
1384
1384
1384
1384
1384
1384
1384
1384
1384
1384
1384
1384
1384
1384
1384
1384
1384
1384
1384
1384
1384
1384
1384
1384
1384
1384
1384
1384
1384
1384
1384
1384
1384
1384
1384
1384
1384
1384
1384
1384
1384
1384
1384
1384
1384
1384
1384
1384
1384
1384
1384
1384
1384
1384
1384
1384
1384
1384
1384
1384
1384
1384
1384
1384
1384
1183
1183
1183
1183
1183
1183
357
357
357
1056
1056
1056
1056
1249
84
115
173
1057
1057
477
135
135
135
1404
1404
691
1035
1289
107
107
107
107
107
107
107
107
107
107
107
107
107
107
107
107
107
107
107
107
107
107
107
107
107
107
107
107
107
107
107
107
107
107
107
107
107
107
107
107
107
107
107
107
107
107
107
107
107
107
107
107
107
107
107
107
107
107
107
167
167
370
370
167
167
167
29
29
29
29
29
29
29
476
1109
1109
1347
1157
975
975
975
764
764
764
547
547
547
547
547
547
547
547
547
547
547
547
547
547
547
547
547
547
547
547
547
547
547
547
547
333
333
333
333
333
333
386
386
607
607
607
607
607
591
591
591
591
591
810
810
810
1014
1014
666
666
666
666
666
666
666
666
666
666
666
666
666
666
666
666
666
666
666
666
666
666
666
666
666
666
666
666
666
666
666
666
666
666
666
666
666
666
666
666
440
440
440
440
973
973
973
973
763
763
763
763
763
763
763
763
763
763
763
763
763
763
763
763
763
763
763
763
763
763
763
763
763
763
763
763
763
763
763
763
763
763
763
763
763
763
763
763
763
763
763
763
763
763
763
763
763
763
763
763
763
763
763
763
763
763
763
763
763
763
763
763
763
763
763
763
763
763
763
763
763
763
763
763
763
763
763
763
763
763
763
763
763
763
763
763
763
763
763
1369
1369
1369
1369
1369
1369
1369
1369
1369
1369
1369
1369
1369
1369
1369
1369
1369
1369
1369
1369
1369
1369
1369
1369
1369
1369
1369
1369
1369
1369
1369
1369
1369
1369
1369
1369
1369
1369
1369
1369
1369
1369
1369
1408
1408
179
179
650
650
650
1324
335
548
594
594
127
376
1258
1306
1306
958
807
807
1247
1247
1107
1107
210
210
210
210
210
210
72
72
72
72
72
72
72
740
161
1050
1050
1050
1410
226
226
1110
1110
301
1182
1182
310
310
679
679
1346
1346
1346
595
1270
1270
507
507
507
738
738
1401
1401
873
873
1123
1123
786
1049
700
700
968
968
954
1202
1202
875
875
1125
1125
789
789
789
1052
851
144
353
353
202
202
1105
1105
762
397
397
1279
1279
612
612
356
637
1069
277
277
1274
1274
496
512
1381
1381
379
379
454
809
809
652
652
1325
961
240
913
913
1361
499
499
499
499
145
342
555
931
931
454
454
454
454
454
454
454
454
454
454
454
454
454
454
454
454
1277
1277
1277
1277
1277
589
589
589
589
589
504
504
504
319
319
319
319
1412
1412
1412
1412
240
443
530
342
342
342
555
555
555
191
1421
1421
195
195
195
195
195
195
456
456
456
151
151
151
931
931
1132
879
879
661
989
936
936
936
936
936
936
724
1047
1047
1184
987
987
1328
1328
104
1296
1296
624
624
1375
1168
1168
1168
648
648
648
648
648
1207
1207
1207
1207
1331
130
130
906
906
906
906
4
4
4
4
4
746
746
746
746
746
746
746
746
746
746
746
746
746
746
746
746
746
746
746
746
746
746
746
746
746
746
746
746
746
746
746
746
746
746
746
746
746
746
746
746
746
746
746
746
746
746
746
746
746
119
119
119
119
119
309
309
309
1051
1051
1051
849
849
849
18
1241
422
1115
1318
1318
1318
90
90
286
286
286
273
273
483
760
760
760
542
542
542
542
542
542
542
542
542
542
542
542
542
542
542
542
328
328
328
328
566
566
566
566
352
352
352
352
154
379
379
379
379
454
454
454
589
589
589
869
869
504
504
319
319
319
319
1412
1412
1412
1412
240
240
240
240
240
240
240
240
240
240
240
271
271
480
480
480
480
87
87
87
87
87
87
283
283
283
283
1112
966
966
757
757
757
757
715
715
715
500
500
1128
1342
1342
1342
1342
1342
117
117
117
117
117
308
308
308
529
529
529
529
804
804
804
804
804
804
581
581
581
581
581
364
364
364
364
1383
1383
1177
1177
1177
206
206
206
411
411
411
411
1230
1230
1230
1230
1230
9
9
9
9
9
9
9
9
9
9
9
9
9
9
9
9
9
9
9
9
9
9
9
9
9
9
9
9
9
9
9
9
9
9
9
355
355
355
355
355
355
355
355
355
355
355
839
839
839
839
839
839
839
839
839
839
839
839
839
839
839
839
839
839
839
839
839
839
839
839
839
839
839
839
839
839
839
839
839
839
839
839
839
839
839
839
839
839
839
570
570
413
413
896
896
896
732
732
759
759
759
1024
1024
1024
435
230
230
705
705
705
1155
1155
605
605
1036
681
332
181
181
181
181
181
883
883
883
883
883
883
883
883
883
883
181
181
181
181
181
181
681
681
605
605
1155
1155
705
705
705
705
230
230
435
1024
1024
759
759
759
759
732
732
896
896
896
896
413
413
413
570
570
570
839
839
839
839
839
839
839
355
355
355
355
355
355
515
515
515
515
515
515
516
299
299
299
889
889
889
889
889
889
889
554
554
554
554
554
554
554
1127
1127
1127
1127
244
244
244
244
244
244
244
836
836
836
836
836
836
836
836
1378
1378
1378
1378
1378
506
506
506
506
1305
1305
1305
1305
1305
1002
1002
1002
1002
1002
126
551
551
551
551
551
551
551
551
551
551
551
551
551
551
551
551
551
551
768
768
768
978
978
978
1172
1172
1172
613
391
391
187
187
187
187
1415
1415
1415
1215
1102
1102
1102
243
243
243
243
243
243
942
942
942
942
942
942
942
942
950
950
950
950
950
950
950
950
950
950
950
950
950
950
950
950
950
950
950
950
950
950
171
171
171
171
171
171
171
171
171
171
171
171
171
171
171
171
171
171
171
171
171
171
171
171
171
171
171
171
171
171
171
171
171
171
171
171
171
171
171
171
171
171
171
171
171
171
171
171
171
171
171
171
171
171
171
171
171
171
171
171
171
171
171
171
171
171
171
171
171
171
171
171
171
171
171
171
171
171
171
171
171
171
171
171
171
171
171
171
171
171
171
171
171
171
171
171
171
171
171
171
171
171
171
171
171
171
171
171
171
171
171
171
171
171
171
171
171
171
171
171
171
171
171
171
171
171
171
171
171
171
171
171
171
171
171
171
171
171
171
171
171
171
171
171
171
171
171
171
171
171
171
171
171
171
171
171
171
171
171
171
171
171
171
171
171
171
171
171
171
171
171
171
171
171
171
171
171
171
171
171
171
171
171
171
171
171
171
171
171
171
171
171
171
171
171
171
171
171
171
171
171
171
171
171
171
171
171
171
171
171
171
171
171
171
171
171
171
171
171
171
171
171
171
171
171
171
171
171
171
171
171
171
171
171
171
171
171
171
171
171
171
171
171
171
171
171
171
171
171
171
171
171
171
171
171
171
171
171
171
171
171
171
171
171
171
171
171
171
171
171
171
171
171
171
171
171
171
171
171
171
171
171
171
171
171
171
171
171
171
171
171
171
171
171
171
171
171
171
171
171
171
171
171
171
171
171
171
171
171
171
171
171
171
171
171
171
171
171
171
171
171
171
171
171
171
171
171
171
171
171
171
171
171
171
171
171
171
171
171
171
171
171
171
171
171
171
171
171
171
171
171
171
171
171
171
171
171
171
171
171
171
171
171
171
171
171
171
171
171
171
171
171
171
171
171
171
171
171
171
171
171
171
171
171
171
171
171
171
171
171
171
171
171
171
872
872
872
872
872
872
872
872
872
872
872
872
872
872
872
872
872
872
872
872
872
872
872
872
872
872
872
872
872
872
872
872
872
872
872
872
872
872
872
872
872
872
872
872
872
872
872
872
872
872
872
872
872
872
872
872
872
872
872
872
872
872
872
872
872
872
872
872
872
872
872
872
872
872
872
872
872
872
872
872
872
872
872
872
872
872
872
872
872
872
872
872
872
171
171
171
171
171
171
171
171
171
171
171
171
171
171
171
171
171
171
171
171
171
171
171
171
171
171
171
171
171
171
171
171
171
171
171
171
171
171
171
171
171
171
171
171
171
171
171
171
171
171
171
171
171
171
171
171
171
171
171
171
171
171
171
171
171
171
171
171
171
171
171
171
872
872
872
872
872
872
872
872
872
872
872
872
872
872
872
872
872
872
872
872
872
872
872
872
872
872
872
872
872
872
1046
1046
1046
1046
1046
1046
1046
1046
1046
1046
1046
872
872
872
872
1046
1046
1046
1046
1046
1046
1046
1046
1046
1046
1046
1046
1046
1046
1046
1046
1046
1046
1046
1046
1046
1046
1046
1046
1046
1046
1046
1046
1046
1046
1046
1046
1046
1046
1046
1046
1046
1046
1046
1046
1046
1046
1046
1046
925
925
925
925
925
925
925
925
925
925
925
925
925
925
925
925
925
338
338
338
338
338
338
338
1216
1216
1216
1216
1216
1216
204
204
246
246
246
246
246
246
246
246
246
246
1233
1233
1233
1233
1233
1233
1233
1233
1233
1233
1233
1233
1233
1233
1233
1233
1233
1233
1233
1233
1233
909
909
909
909
909
909
909
909
909
993
993
993
993
471
471
471
1293
1293
1293
1293
66
66
66
66
66
895
1091
1091
1091
1091
1091
1091
1091
1091
1091
1343
1343
1343
1343
1343
1343
1343
1343
1343
1343
1343
1343
1343
1343
1343
118
118
118
118
118
118
118
118
118
839
839
839
839
839
839
839
839
839
839
839
839
839
839
9
9
9
9
1230
1230
1230
1230
1230
1230
411
411
411
411
411
411
206
206
206
854
854
854
854
636
636
1383
1383
364
364
364
581
581
581
581
581
581
804
804
804
804
804
804
804
804
804
804
804
804
804
804
804
804
804
804
529
529
529
529
529
529
308
308
308
308
117
117
117
1342
1342
1342
1342
1342
1342
1342
1342
1342
1342
1342
1342
1342
1342
1342
1192
1192
1192
1192
1192
1391
1068
1068
1068
1068
1321
1321
1321
1321
1321
777
777
777
10
317
1197
1197
1197
860
860
860
1188
1188
1188
1188
215
215
215
215
215
215
215
215
1304
1304
1304
1304
517
730
730
26
26
26
1004
1004
803
803
803
803
803
803
803
426
426
426
426
805
805
805
329
329
1153
674
674
6
6
773
773
773
593
593
371
371
371
371
371
1015
1345
1094
897
897
897
195
195
151
931
1132
1132
879
989
989
1246
1246
1246
312
312
801
801
756
1313
1313
1252
812
812
75
75
75
75
75
1058
1058
1058
1058
1058
1196
1196
1196
95
920
920
920
876
276
276
276
865
865
865
865
138
138
138
138
912
881
663
663
383
604
604
825
825
557
557
345
651
651
28
223
223
572
572
588
588
588
368
368
368
123
315
315
315
536
536
293
280
85
85
85
1104
1104
1041
1041
1041
1041
1041
1041
1041
1041
1041
1041
1041
1041
1041
1041
1041
1041
1041
1041
1041
1041
1041
1041
1041
1041
1041
1041
1221
1221
1221
1221
1221
847
847
1050
1050
1050
1050
1050
1050
1038
1038
1038
340
141
141
770
770
699
915
915
915
915
915
915
915
915
915
915
272
272
272
1174
1174
1174
392
392
392
392
672
672
672
452
452
235
235
235
235
235
103
103
1327
406
406
406
406
1290
1290
1290
1290
1290
729
729
729
108
108
911
911
911
911
911
911
911
911
133
133
133
133
133
831
831
609
609
1253
1253
1253
86
86
86
86
1355
1355
1355
1355
1355
1214
1214
1214
1214
1214
1214
1214
1214
1214
1214
1214
1214
1214
1214
1214
1214
1214
1214
1214
1214
1214
1214
1214
1214
1214
1214
1214
1214
1214
1214
1214
1214
1214
1214
1214
1214
1214
1214
1214
1214
1214
1214
1214
1214
1214
1214
1214
1214
1214
1214
1214
1214
1214
1214
1214
1214
1214
1214
1214
1214
1214
1214
1214
444
444
444
444
444
88
88
88
769
769
769
614
614
285
285
351
351
351
939
939
939
787
787
787
19
19
19
528
528
1203
1203
1203
1003
1203
1203
1203
1003
1066
1066
1066
1257
1257
467
467
467
1351
1351
578
578
578
578
424
218
800
800
1204
1204
1204
1204
1204
1204
1204
1204
1204
1204
1204
1204
1204
1405
1405
1405
1405
1405
1405
1405
1405
1405
1405
1405
1405
1405
1405
1405
1405
1405
535
535
535
535
535
687
216
216
216
216
577
1151
1151
850
850
850
850
850
1387
1387
1387
1387
1387
1387
1387
1387
1387
1387
1387
1387
1387
1387
1387
1387
1387
1387
1387
1387
526
526
526
526
526
526
526
772
772
772
1329
1329
1329
1329
1021
1021
1021
1021
1021
140
140
140
711
711
1272
1272
1074
1074
1074
1074
1074
1074
1074
1074
1074
1074
1074
1074
1074
1074
1074
1074
1074
1074
1074
1074
1074
1074
241
241
241
241
241
48
48
48
668
668
88
88
914
914
1113
1113
1113
349
153
153
1380
1380
1173
1173
1173
1186
1186
629
629
629
629
629
629
629
629
629
629
629
629
629
629
629
629
629
629
629
629
629
629
629
629
629
629
629
629
629
629
629
629
629
629
629
629
629
629
629
629
629
629
629
629
629
629
629
629
629
629
629
629
629
629
629
629
629
629
629
629
629
629
629
629
629
629
629
629
629
629
629
629
629
629
629
629
629
629
629
629
629
629
629
629
629
629
629
629
629
629
629
629
629
629
629
629
629
846
846
846
846
846
1049
1049
1049
1049
1049
700
700
700
481
1160
741
741
741
741
741
741
741
954
954
954
1202
1403
1403
1403
1403
1403
1403
1284
1284
1284
1284
1284
1284
61
61
61
61
61
61
61
61
61
61
61
61
61
61
61
61
61
61
61
61
61
61
61
61
61
61
61
61
61
61
61
61
61
61
61
61
61
61
61
61
61
61
61
61
61
61
61
61
61
61
61
61
61
61
61
61
61
61
61
61
61
61
61
61
61
61
61
61
61
61
61
61
61
61
61
61
61
61
61
61
61
61
61
61
61
61
61
61
61
61
61
61
61
61
61
61
61
61
61
61
61
61
61
61
61
61
61
61
61
61
61
61
61
61
61
61
61
61
61
61
61
61
61
61
61
61
61
61
61
61
61
61
61
61
61
61
61
61
61
61
61
61
61
61
61
61
61
61
61
61
61
61
61
61
61
61
61
61
61
61
61
61
61
61
61
61
61
61
61
61
61
61
61
61
61
61
61
61
61
61
61
61
61
61
61
61
61
61
61
61
61
61
61
61
61
61
61
61
61
61
61
61
61
61
61
61
61
61
61
61
61
61
61
61
61
61
61
61
61
61
61
61
61
61
61
61
61
61
61
61
61
61
61
61
61
61
61
61
61
61
61
61
61
61
61
61
61
61
61
61
61
61
61
61
61
61
61
61
61
61
61
61
61
61
61
61
61
61
61
61
61
61
61
61
61
61
61
61
61
61
61
61
61
61
61
61
61
61
61
61
61
61
61
61
61
61
61
61
61
61
61
61
61
61
61
61
61
61
61
61
61
61
61
61
61
61
61
61
61
61
61
61
61
61
61
61
61
61
61
61
61
61
61
61
61
61
61
61
61
61
61
61
61
61
61
61
61
61
61
61
61
61
61
61
61
61
61
61
61
61
61
61
61
61
61
61
61
61
61
61
61
61
61
61
61
61
61
61
61
61
61
61
61
61
61
61
61
61
61
61
61
61
61
61
61
61
61
61
61
61
61
61
61
61
61
61
61
61
61
61
61
61
61
61
61
61
61
61
61
61
61
61
61
61
61
61
61
61
61
61
61
61
61
61
61
61
61
61
61
61
61
61
61
61
61
61
61
61
61
61
61
61
61
61
61
61
61
61
61
61
61
61
61
61
61
61
61
61
61
61
61
61
61
61
61
61
61
61
61
61
61
61
61
61
61
61
61
61
61
61
61
61
61
61
61
61
61
61
61
61
61
61
61
61
61
61
61
61
61
61
61
61
61
61
61
61
61
61
61
61
61
61
61
61
61
61
61
61
61
61
61
61
61
61
61
61
61
61
61
61
61
61
61
61
61
61
61
61
61
61
61
61
61
61
61
61
61
61
61
61
61
61
61
61
61
61
61
61
61
61
61
61
61
61
61
61
61
61
61
61
61
61
61
61
61
61
61
61
61
61
253
253
253
253
253
460
460
460
460
460
441
441
441
441
441
667
667
884
884
884
1081
1081
1081
70
70
70
266
266
266
266
474
474
693
693
693
678
678
678
1231
1231
1231
1231
1231
1044
1044
1044
1044
842
842
842
842
622
622
622
622
622
1398
1398
1398
1398
1398
1398
1398
1398
1398
1398
1398
1398
1398
1398
1398
1398
1398
1398
1398
1398
1398
1398
1398
1398
1398
1398
1398
1398
1398
1398
1398
1398
1398
1398
1398
1398
1398
1398
1398
1398
1398
1398
1398
1398
1196
1196
1196
1196
1196
997
997
1250
1250
1250
697
697
169
169
169
1060
1060
1313
1313
1313
756
756
756
801
801
801
312
312
312
312
312
806
806
806
806
1246
1246
1246
27
27
69
69
692
692
473
473
473
665
665
439
439
439
1080
1080
1080
882
58
58
1282
1282
1282
459
459
459
252
252
252
431
431
431
225
225
870
870
870
1223
1223
1419
1419
1419
1419
1419
1419
1419
1419
1419
1419
1419
1419
1419
1419
1419
1419
1419
1419
1419
1419
1419
1419
1419
1419
1419
1419
1419
1419
1419
1419
1419
1419
1419
1419
1419
1419
1419
1419
1419
1419
1419
826
826
826
1030
1030
1030
385
1372
1372
1166
1166
1166
635
635
635
635
635
635
635
635
635
635
635
635
635
635
635
635
635
635
635
635
635
635
635
635
635
635
635
635
635
635
635
635
635
635
635
635
635
635
635
635
635
635
635
635
635
635
635
635
635
635
635
635
635
635
635
635
635
635
635
635
635
635
635
635
635
635
635
635
635
635
635
635
635
635
635
409
409
409
409
409
409
409
202
202
202
202
202
8
8
23
23
23
23
1243
1243
1243
1243
1055
1055
1055
853
853
853
853
853
853
853
853
864
864
864
864
864
864
864
864
864
864
864
864
864
864
864
864
864
864
864
864
864
864
864
864
864
864
864
864
864
864
864
864
864
864
864
864
864
646
646
646
646
646
646
646
646
288
288
288
288
288
288
288
288
288
121
121
121
121
121
1210
1210
1210
39
39
39
39
1235
1235
1235
1235
1235
74
74
74
74
1368
1368
1368
1368
1368
1368
192
192
192
192
192
192
192
192
1294
1294
1294
1294
1294
1294
900
1100
1100
1100
1100
1100
1100
1100
1100
322
322
322
322
322
1019
1019
1019
1019
1019
1019
1019
1019
1019
1019
1019
1242
1242
1242
1242
1242
1242
485
485
485
485
92
281
281
281
281
1158
1158
1158
596
596
596
464
464
1340
1340
1340
1340
995
995
995
433
433
433
289
289
289
745
745
745
529
529
529
529
529
308
308
308
308
308
117
117
117
117
1342
1342
1342
1342
1342
1342
1342
1342
1342
1342
1192
1192
1192
1192
1192
1391
1068
1068
1068
1068
1068
1068
1068
1068
1068
1321
1321
1321
1321
1321
1321
777
777
777
777
10
10
1197
1197
1197
860
860
860
1188
1188
1188
215
215
215
686
1304
1304
1304
517
730
730
1394
1394
1394
26
26
26
26
803
803
803
803
46
46
723
508
508
160
988
988
947
735
269
1099
743
743
166
1152
598
53
1276
930
1129
1129
1129
1179
558
558
659
37
37
231
54
1075
1026
1319
1065
1388
1388
1187
527
527
36
36
36
36
36
36
36
36
36
36
36
36
36
36
1133
792
1310
976
972
972
1218
1027
469
469
469
314
654
654
963
843
1266
1012
1012
194
194
194
194
194
194
194
194
194
194
194
194
194
194
194
194
194
194
194
194
194
194
194
194
194
194
194
194
194
194
194
194
194
194
194
194
194
194
194
194
545
545
545
545
545
545
545
545
545
545
545
545
545
545
545
545
545
545
545
545
545
545
545
545
545
545
545
545
545
194
194
194
180
180
180
881
881
100
134
134
1111
1360
816
816
865
865
276
543
543
997
997
997
997
997
1196
920
920
920
95
95
95
95
95
95
95
95
95
95
95
95
95
95
1196
1196
1250
1250
1250
697
169
1060
1060
1060
1313
756
801
312
312
806
1246
264
264
264
1397
168
265
1354
1354
1227
1227
891
891
891
746
4
4
4
4
906
906
130
130
130
1331
1331
1331
1207
1207
1207
1207
1207
1207
1207
1207
1207
1207
1207
1207
1207
1207
1207
1207
1007
1007
1169
1169
1169
708
82
279
279
279
1326
100
134
134
1360
865
276
276
1250
697
169
1060
1060
1313
1313
756
756
756
120
120
120
806
806
1246
1246
1246
264
264
264
734
734
168
265
265
1354
1354
1037
1037
891
891
891
119
119
309
1051
1051
685
685
1115
1115
1318
1318
1318
286
286
286
286
483
483
483
760
760
542
542
542
328
328
328
566
819
1025
1025
1025
379
379
379
379
454
454
454
454
454
809
809
809
809
809
809
809
809
809
809
809
809
809
809
809
652
652
652
652
652
652
652
1325
1325
1325
1325
961
961
961
319
319
319
319
319
319
319
319
319
319
319
319
319
319
319
319
319
319
319
319
319
319
319
319
319
319
319
319
319
319
319
319
319
319
319
319
319
319
319
319
319
319
319
319
319
319
319
319
319
319
319
319
319
319
319
319
319
538
538
538
538
538
538
538
538
538
319
319
319
319
319
1412
1412
1412
1412
1213
1213
1213
1213
1213
1213
1213
1213
443
443
913
913
271
339
139
139
139
540
540
540
540
1308
80
80
943
1144
1342
1342
1342
1342
1342
1342
1192
1192
1192
1192
1068
1068
1068
1321
1321
1321
1321
94
777
777
777
10
10
317
1197
1197
1197
860
860
860
860
860
1188
1188
1188
1188
20
20
215
215
686
1304
1304
517
517
1394
1394
1245
26
26
1004
1004
1004
803
803
803
33
33
33
46
46
723
508
508
160
947
735
358
1099
1099
166
166
466
598
598
598
53
944
1129
1129
1129
1129
1179
1179
983
778
778
778
558
659
659
37
37
37
231
291
291
291
98
878
1075
1075
1222
1026
1026
1026
820
1350
701
1319
1319
1065
1388
1388
527
742
955
1150
824
824
603
1220
1220
1029
1409
367
367
1195
979
1117
919
261
261
857
1131
1131
502
618
396
1009
1209
337
754
1281
664
304
523
523
523
1281
1079
1079
42
337
337
549
549
1356
461
585
838
838
617
395
219
219
203
203
519
300
300
945
568
568
232
221
262
513
689
200
848
684
940
788
5
632
484
971
761
1322
1322
1119
922
922
704
1371
147
147
346
346
346
346
558
290
290
290
290
647
647
647
647
837
189
189
969
969
969
1114
1114
1260
1260
863
863
142
142
142
284
571
571
571
571
883
883
883
883
883
181
181
181
181
332
415
681
1036
1036
1036
605
384
384
1155
1155
1155
705
705
705
705
435
435
435
435
1024
1024
1024
1024
759
759
970
732
732
732
896
896
896
413
413
413
570
570
570
118
118
118
118
118
118
118
839
839
839
839
839
839
839
839
839
839
839
355
355
355
355
355
355
355
515
515
515
515
515
515
515
516
516
516
516
516
516
516
516
671
671
671
889
889
554
554
554
554
554
1127
1127
1127
1127
1127
244
244
244
244
244
244
836
836
836
836
1378
1378
1378
1378
1378
1378
506
506
506
506
506
506
1305
1305
1305
1305
1305
1305
423
423
423
423
423
423
1002
1002
1002
1002
1002
1002
1002
1226
1226
1002
1002
1002
1002
1002
1002
1002
1002
1002
1226
1226
1226
551
551
551
551
551
126
126
126
126
551
551
551
551
551
551
551
551
551
551
551
551
551
551
551
551
551
551
551
551
551
551
551
551
551
551
551
551
551
551
551
551
551
551
551
551
551
551
551
551
551
551
551
551
551
551
551
551
1312
1312
1312
1312
1312
1312
1312
1312
880
56
56
619
619
619
1178
1178
1098
1098
211
1352
487
487
487
487
1067
1067
1067
1067
1067
1067
313
313
313
313
907
907
907
907
907
1151
1151
850
850
850
403
403
1170
1017
321
321
711
711
711
1272
1272
1272
1272
1074
1074
1074
241
241
241
241
48
48
48
48
48
48
48
48
48
48
48
48
48
48
48
48
48
48
48
48
48
48
48
48
48
48
48
48
48
48
668
668
668
88
914
914
914
914
937
1138
1138
1138
1186
1186
1186
990
990
990
990
990
990
990
296
296
45
45
45
892
615
615
259
259
1038
1038
1038
1038
1038
340
141
1316
1316
1316
1316
1316
1316
1316
1316
1316
1316
1316
1316
1316
1316
1316
1316
1316
1316
1316
17
17
17
17
17
17
1238
1238
1238
575
575
575
575
575
580
580
580
1205
1205
1348
128
128
726
726
270
270
270
270
213
213
213
213
16
16
16
16
348
562
562
562
904
76
76
76
76
76
643
643
861
999
999
999
1358
1358
1358
1358
1122
1122
1122
1122
1122
1122
419
419
419
419
419
796
796
859
859
859
859
859
859
859
859
859
859
859
859
859
859
859
859
859
859
859
859
859
859
859
859
859
359
1238
1238
1238
1238
1238
1238
1238
1238
1238
915
915
915
272
272
1174
1174
1174
392
392
672
672
672
672
672
672
452
452
235
235
235
235
235
103
103
1327
1327
1327
406
406
406
1290
1290
1290
729
729
108
108
108
911
911
911
911
911
133
133
133
133
133
133
133
133
133
133
133
133
133
133
133
133
133
133
133
133
133
133
133
133
133
133
133
133
133
133
133
133
133
133
133
133
133
133
133
133
133
133
133
133
133
133
133
133
133
609
609
609
86
86
710
1355
1355
1355
1355
1214
1214
1214
1315
1315
614
614
614
614
285
351
351
939
939
644
644
1338
646
646
646
646
288
288
121
121
121
121
121
121
1210
1210
1210
1210
39
39
39
39
39
39
39
39
39
39
1235
1235
1235
1235
1235
1235
1235
695
695
695
74
74
1368
1368
1368
192
192
192
192
192
1294
1294
1294
1294
1294
1100
1100
1100
1100
1100
1100
1100
322
322
322
322
322
1019
1019
1019
1019
1242
1242
1242
1242
1242
485
485
485
485
485
493
1158
596
596
596
464
1340
1142
1142
1142
995
995
995
995
995
995
433
433
433
433
289
289
289
289
745
745
529
529
529
529
117
117
117
117
117
1342
1342
1342
1342
1342
1144
1144
1144
715
715
715
715
757
757
757
757
757
757
966
966
966
966
966
325
325
325
325
325
283
283
283
283
283
283
283
283
283
283
283
283
283
283
283
283
283
283
283
283
283
283
87
87
87
87
87
87
87
87
480
480
480
480
480
480
1271
1271
47
47
47
47
47
47
47
184
184
184
184
753
753
753
99
99
99
430
430
430
1013
1013
250
250
250
599
190
1175
1175
712
1274
449
449
489
489
1309
637
412
412
207
569
198
1077
1077
381
381
1366
1366
1366
23
790
846
990
296
294
45
373
533
1088
259
1038
340
1298
416
910
910
486
486
645
645
174
174
323
924
924
602
602
602
1418
556
556
556
556
921
921
921
921
921
247
52
52
52
52
967
967
967
967
967
967
758
3
3
3
3
199
199
199
1236
327
129
129
129
1349
176
378
378
365
365
365
394
394
434
434
434
229
929
929
748
748
748
1393
1393
1393
1393
1193
24
24
24
220
220
220
220
220
220
220
220
131
131
131
131
583
583
583
254
254
254
737
737
158
158
268
268
268
739
953
1239
1239
525
525
525
410
410
410
1106
1106
1106
1106
1106
1106
908
908
908
908
908
908
908
908
908
908
908
908
908
908
908
908
908
908
908
908
908
908
908
908
908
908
908
908
908
908
908
908
908
908
908
908
908
908
908
908
908
908
908
908
908
823
457
457
457
457
303
303
303
303
303
1198
1198
1399
1399
1399
12
1330
1126
1126
1126
927
713
713
713
713
497
553
553
774
774
774
774
774
1189
1189
1189
1189
1189
1189
1189
1189
1189
1189
1189
1189
1189
1189
1189
1189
1189
1189
1189
1189
1189
1189
1189
1189
1189
1189
1189
1189
1189
1189
1189
1189
1189
1189
1189
1189
1189
1189
1189
1189
1189
1189
1189
1189
1189
1189
1189
1189
1189
1189
1189
1189
1189
1189
1189
1189
1189
1389
1389
408
408
408
408
408
408
7
774
774
774
341
341
341
341
143
143
143
155
155
155
155
616
616
616
514
514
514
514
1176
1176
1176
1382
1040
1040
1040
1040
1040
1040
455
455
455
455
455
455
455
455
455
455
455
1070
1070
292
292
292
292
292
185
390
390
390
390
669
669
669
669
669
1139
1139
1139
1139
1201
657
657
657
89
89
1317
212
212
463
463
463
315
315
315
315
165
165
165
165
165
855
156
156
156
1042
1042
1042
1042
1042
1042
25
706
706
706
706
706
706
706
706
706
706
946
1145
1145
1145
1145
1145
1145
1145
1396
1396
590
590
590
590
590
590
590
590
369
369
369
369
1136
1136
1136
1136
1136
1136
1136
1136
563
563
563
563
563
563
563
214
214
214
214
214
214
214
214
214
890
890
890
890
890
890
890
890
890
890
890
890
890
890
890
890
890
890
890
890
890
890
890
890
890
890
890
890
890
890
890
890
890
890
890
890
890
890
890
890
890
890
890
890
890
531
531
531
531
531
531
531
531
531
531
531
531
531
531
531
531
531
531
531
531
531
1392
1392
1392
1392
1392
1392
1392
1392
1392
1392
1392
1392
1392
620
620
620
620
620
263
263
263
263
263
263
263
1032
1032
1032
1032
1032
1032
1032
1032
1032
1032
441
441
441
441
441
667
667
667
667
667
667
667
667
884
884
884
884
884
884
884
884
884
884
1081
1081
1081
1081
1081
1081
1081
1081
70
70
70
70
70
266
266
266
474
474
474
474
693
693
693
678
678
678
1044
1044
1044
842
842
622
622
622
1398
1398
1196
1196
1196
997
1250
697
697
697
169
1060
1060
1060
1313
756
756
756
756
801
312
312
312
312
27
69
69
69
69
692
692
692
473
473
473
665
665
665
665
439
439
1080
1080
1080
882
58
58
1282
1282
1282
459
459
459
252
252
252
252
431
431
225
225
225
1267
385
385
606
606
1307
635
409
409
409
202
202
202
202
202
202
8
8
8
8
567
567
1364
1364
1364
274
274
633
297
297
227
227
1001
1001
1001
1149
1149
1149
846
990
990
990
990
990
1200
1200
1200
952
294
294
45
45
373
1346
679
679
679
310
310
310
1088
1088
1088
1088
1088
1088
1088
1088
1088
1088
1088
1088
1088
1088
1088
1088
1088
1088
1088
1088
1088
1088
1088
1088
1088
1088
1088
1088
1088
1088
1088
1088
1088
1088
1088
1088
1088
1088
1088
1088
1088
1088
1088
1088
1088
1088
1088
1088
1088
1088
1088
1088
1088
1088
1088
1088
1088
393
393
393
393
505
505
505
226
226
226
1410
1410
1410
1410
1050
1050
1050
847
847
847
847
847
847
630
630
630
630
1041
1041
1041
1104
1104
1104
1104
1104
858
858
858
640
640
640
640
640
85
85
85
85
280
280
280
280
901
901
536
315
315
315
123
368
588
588
588
588
572
572
28
28
28
651
651
651
557
557
557
557
1370
1370
825
825
604
604
604
604
604
604
604
604
604
604
604
604
604
604
604
604
604
604
604
604
604
604
604
604
604
604
604
604
604
604
604
604
604
604
604
604
604
604
604
604
604
604
604
604
604
604
604
604
604
604
604
604
604
604
604
604
604
604
604
604
604
604
604
604
604
604
604
604
604
604
604
604
604
604
604
604
383
383
383
383
383
383
383
383
383
383
383
383
383
383
383
383
383
383
383
383
383
383
383
383
383
383
383
383
383
383
383
383
383
383
383
383
383
383
383
383
383
383
383
383
383
383
383
383
383
383
383
663
663
663
663
663
663
663
663
663
604
604
604
825
825
557
557
557
345
345
651
28
28
223
223
223
588
588
588
368
368
165
315
536
536
293
293
280
280
85
85
85
85
85
85
85
1251
482
482
1240
1240
1240
565
509
509
1084
1084
1323
38
518
518
518
518
136
125
318
318
1148
1148
1134
1134
932
932
932
932
720
720
41
41
233
233
233
233
233
436
436
436
436
662
662
662
1011
179
179
179
1408
1408
763
763
973
973
440
440
440
666
666
43
591
591
607
607
386
182
1411
547
764
764
975
975
1167
964
964
964
1347
864
864
864
864
864
864
864
864
864
864
864
864
864
864
853
853
853
853
853
853
853
853
853
853
853
853
853
853
853
853
853
853
853
1055
1055
1055
1055
1243
1243
1243
23
23
23
23
23
23
23
8
8
8
8
567
567
567
567
567
567
567
1364
1364
274
274
274
851
994
994
297
297
227
227
227
1001
1001
1001
1149
1149
1149
1149
1149
1149
1149
1149
1149
1149
1149
1149
1149
1149
1149
1149
1149
1149
1149
1149
1149
1149
1149
1149
1149
1149
1149
1149
1149
1149
1149
1149
1149
1149
1149
1149
1149
1149
1149
1149
846
846
990
786
1123
1123
873
873
1200
952
294
294
294
45
45
45
373
373
373
679
679
679
310
310
310
310
1088
1088
1088
1088
1088
393
393
393
393
505
505
505
505
1269
1269
259
259
1050
1050
1050
161
161
740
740
740
1298
1298
1298
416
416
910
910
1247
1247
807
807
958
486
486
645
174
174
174
174
323
127
594
594
548
548
1120
1120
1120
1120
1120
1120
1120
1120
1120
1120
1120
1120
1120
1120
1120
1120
1120
1120
1120
1120
1120
1120
1120
1120
1120
1120
1120
1120
1120
1120
1120
1120
1120
1120
1120
1120
1120
1120
1120
1120
1120
1120
1120
1120
1120
1120
1120
1120
1120
1120
1120
1120
1120
1120
1120
1120
1120
1120
1120
1120
1120
1120
1120
1120
1120
1120
1120
1120
1120
1120
1120
1120
924
924
924
1120
1120
1120
1120
1120
1120
1120
1120
1120
868
1408
1408
1408
1369
1369
926
926
446
446
1
780
780
1121
1121
137
478
478
1061
1061
1061
1061
634
634
775
775
775
775
193
193
193
344
344
344
344
1118
1118
1118
52
52
817
817
967
967
402
1376
152
152
1299
1299
1097
1097
899
2
2
197
401
1183
1183
1183
357
357
357
357
157
794
794
794
794
573
573
573
573
573
475
475
1297
1297
1297
1297
1297
71
71
71
898
898
898
898
1096
1096
1096
1096
1344
1344
1344
1344
1344
1344
1344
1344
1344
1344
124
124
124
124
124
124
251
251
251
251
251
251
251
57
57
57
57
57
57
57
57
57
57
57
57
57
57
57
57
57
57
57
57
57
57
57
57
57
57
57
57
57
57
57
57
57
57
57
57
57
57
57
57
57
57
57
57
57
57
57
57
68
68
68
68
68
68
68
68
733
733
733
733
733
320
320
962
962
962
1402
1402
1402
1255
1255
1255
1064
938
938
938
938
350
350
771
1414
1414
670
670
670
670
116
1362
1362
1362
1362
1039
1228
1228
1228
1228
894
894
894
894
1130
1130
148
148
1180
1180
1180
163
163
163
1390
1390
1390
1390
1190
22
217
217
217
93
498
974
625
1224
1224
1031
59
59
59
1248
476
1109
1109
1347
1167
975
975
975
975
764
764
547
547
547
333
333
182
182
182
182
182
386
386
386
607
607
607
607
607
607
607
607
607
607
607
607
607
607
607
607
607
607
607
591
591
591
591
591
591
591
591
591
591
591
591
591
591
591
591
591
591
591
591
591
591
591
591
591
591
591
591
591
591
591
591
591
591
591
591
591
591
591
591
810
810
810
810
810
43
43
43
43
43
43
43
810
810
810
810
810
810
810
810
810
810
810
810
810
810
810
810
810
810
810
810
810
810
810
1014
1014
1014
440
440
440
440
973
973
973
973
973
973
763
763
763
1369
179
1011
1011
1211
1211
436
233
233
233
233
41
720
932
932
1134
1134
1332
1332
1332
125
125
522
522
522
303
303
303
949
949
1399
1399
1399
1399
12
12
209
209
1045
1045
1045
927
927
713
713
497
497
287
287
287
774
774
774
774
1189
1189
1189
1189
1389
162
1339
1339
1339
830
830
1034
560
560
1108
1108
1133
36
36
36
36
495
421
1063
1063
1386
1386
1386
1386
1386
1137
1137
1137
1336
442
1083
887
887
887
1199
1199
1199
1400
1400
1400
798
798
798
114
114
1335
1082
1082
1082
380
380
380
380
178
534
534
534
131
131
131
24
24
24
1393
1393
164
748
929
929
717
394
394
394
35
365
378
378
378
378
378
378
378
378
378
176
176
176
176
176
176
176
176
176
176
176
176
176
176
176
378
866
717
717
164
131
131
131
583
178
178
254
254
1095
1095
268
268
576
576
1048
1048
682
205
1106
823
823
457
457
675
675
520
520
520
520
520
303
303
522
522
170
170
170
170
1357
1357
136
835
835
835
835
835
1275
1275
1275
1275
1275
1275
1292
1292
1090
518
518
518
791
791
791
791
660
660
660
660
707
707
1323
0
0
0
0
1286
1286
1286
1286
1286
509
509
509
509
375
375
1256
1240
1240
482
482
482
482
482
1059
1059
1059
1059
1059
1059
1059
1059
1059
1059
1059
1059
1059
1059
1059
1059
1059
1059
280
85
85
85
85
709
709
640
858
858
858
858
858
432
1104
1041
1041
1221
1221
1050
1050
1038
1038
340
141
141
141
770
915
915
915
1238
1238
1238
1238
1254
1254
575
799
799
799
580
1205
1205
1348
128
128
245
245
245
245
479
479
479
479
479
16
16
16
16
16
1237
1237
1237
1237
1237
562
562
1379
76
76
861
999
999
797
1358
1358
1358
1122
1122
1122
1122
1122
1122
419
419
419
419
419
935
666
666
666
666
921
921
921
921
1118
1118
1118
1118
1118
1118
1118
1118
1118
1118
1118
1118
1118
1118
1118
1118
1118
1118
1118
1118
1118
1118
1118
1118
1118
1118
1118
344
344
344
344
344
1118
1118
1118
1118
1118
1118
52
52
52
1157
1157
1167
975
975
975
975
764
547
547
547
1411
1411
386
386
607
591
591
591
591
234
234
43
43
43
43
43
43
43
43
43
43
810
810
810
810
43
43
43
43
666
666
666
666
666
666
666
666
666
43
234
234
234
234
1072
1072
1268
1411
1420
1420
1420
1225
975
1167
1373
1373
1373
1373
1373
1373
1373
1373
150
150
841
841
841
60
60
60
60
60
722
722
722
1377
1377
1377
1377
1377
833
833
833
62
1287
1287
1287
1287
1287
306
306
306
306
306
306
306
306
306
306
387
387
387
183
183
886
886
404
404
404
1288
420
420
420
270
270
270
270
270
270
270
270
213
420
420
1385
258
258
628
404
404
404
404
404
183
183
183
183
387
387
956
956
1033
1033
1033
1033
1033
1033
238
238
238
238
238
1334
1135
1135
1135
1141
1141
1141
802
579
579
1261
465
465
465
1341
1143
1143
996
354
1016
813
49
49
49
31
31
31
1124
1124
1124
326
326
326
1416
1217
877
1285
1285
948
948
948
948
948
948
818
818
1023
1023
718
718
718
81
81
960
960
1212
1212
1212
655
655
655
1314
1314
1314
765
765
610
610
610
610
610
610
610
610
610
610
610
610
610
610
610
610
610
610
610
610
610
610
610
610
610
610
610
610
610
610
610
610
610
610
610
610
610
610
610
610
610
610
610
610
610
610
610
610
610
610
610
610
610
610
610
610
610
610
610
610
610
610
610
610
610
610
610
610
610
610
610
610
610
610
610
610
610
610
610
610
610
389
389
389
389
389
389
389
1272
1272
1272
1272
1272
711
711
711
711
711
140
140
1021
1021
1021
1021
1329
772
772
526
526
1387
850
850
1151
577
577
216
687
687
535
535
535
1405
1405
1405
1259
32
918
959
132
586
427
427
14
14
14
981
840
840
619
696
696
696
551
551
551
551
551
768
768
768
978
834
834
834
391
391
391
391
391
391
391
187
187
187
187
187
1415
1415
903
903
903
1102
1102
1102
1102
1102
1102
243
243
243
243
243
243
243
243
450
450
243
243
243
243
243
1102
1102
1102
903
1415
1415
187
187
187
391
391
391
613
1172
978
978
978
978
978
768
768
768
768
768
551
551
551
551
1312
1312
1312
1312
1312
1312
1312
1312
1312
1312
1312
551
551
551
551
551
551
551
551
551
551
551
551
551
126
126
126
126
126
126
1002
1002
1002
1002
1002
1002
1305
1305
1305
1305
1305
1305
1305
1305
1305
1305
1305
1305
1305
1305
1305
1305
1305
1305
1305
1305
1305
1305
1305
1305
1305
1305
1305
1305
1305
1305
1305
1305
1305
1305
1305
1305
1305
506
506
506
506
506
506
506
506
506
506
506
506
506
506
506
506
506
506
506
506
506
506
506
506
506
506
506
506
506
506
506
506
506
506
506
506
506
506
506
506
506
506
506
506
506
506
506
506
506
506
506
506
506
506
506
506
506
506
506
506
506
506
506
506
506
506
506
506
506
506
506
506
506
506
506
506
506
506
506
506
506
506
506
506
506
506
506
506
506
506
506
506
506
506
506
506
506
506
506
506
506
506
506
506
506
506
506
506
506
506
506
506
506
506
506
506
506
506
506
506
506
506
506
506
506
506
506
506
506
506
506
506
506
506
506
506
506
506
506
506
506
506
506
506
506
506
506
506
506
506
506
506
506
506
506
506
506
506
506
506
506
506
506
506
506
506
506
506
506
506
506
506
506
506
506
506
506
506
506
506
506
506
506
506
506
506
506
506
506
506
506
506
506
506
506
506
506
506
506
506
506
506
506
506
506
506
506
506
506
506
506
506
506
506
506
506
506
506
506
506
506
506
506
506
506
506
506
506
506
506
506
506
506
506
506
506
506
506
506
506
506
506
506
506
506
506
506
506
506
506
506
506
506
506
506
506
506
506
506
506
506
506
506
506
506
506
506
506
506
506
506
506
506
506
506
506
506
506
506
506
506
506
506
506
506
506
506
506
506
506
506
506
506
506
506
506
506
506
506
506
506
506
506
506
506
506
506
506
506
506
506
506
506
506
506
506
506
506
506
506
506
506
506
506
506
506
506
506
506
506
506
506
506
506
506
506
506
506
506
506
506
506
506
506
506
506
506
506
506
506
506
506
506
506
506
506
506
506
506
506
506
506
506
506
506
506
506
506
506
506
506
506
506
506
506
506
506
506
506
506
506
506
506
506
506
506
506
506
506
506
506
506
506
506
506
506
506
506
506
506
506
506
506
506
506
506
506
506
506
506
506
506
506
506
506
506
506
506
506
506
506
506
506
506
506
506
506
506
506
506
506
506
506
506
506
506
506
506
506
506
506
506
506
506
506
506
506
506
506
506
506
506
506
506
506
506
506
506
506
506
506
506
506
506
506
506
506
506
506
506
506
506
506
506
506
506
506
506
506
1378
1378
1378
1378
1378
1378
1378
1378
1378
1378
836
836
836
836
836
836
836
836
836
836
836
836
836
836
836
836
836
836
836
244
244
244
244
244
244
244
244
244
244
244
244
244
244
244
244
244
244
244
244
1127
1127
1127
1127
1127
1127
1127
1127
1127
1127
1127
928
928
776
776
554
554
554
554
554
554
554
554
554
554
776
671
671
671
671
671
671
671
671
671
671
671
671
671
516
516
516
516
516
516
516
516
355
355
839
839
839
839
839
839
839
839
839
839
570
413
413
67
111
759
759
759
1024
230
230
705
705
705
1155
1155
1155
1155
605
605
1036
681
332
181
181
181
181
883
883
883
1264
916
916
916
1161
1161
1161
1161
837
837
837
647
647
647
647
290
290
290
290
290
290
290
290
290
290
290
290
290
290
290
290
290
290
96
96
96
96
96
96
109
673
673
673
893
249
249
1206
1206
1006
177
532
747
747
905
683
282
105
105
334
1301
1301
417
639
795
795
574
1146
1146
1146
564
564
106
106
1311
1262
33
803
803
803
803
803
803
803
803
803
803
803
803
803
803
803
803
222
222
222
222
426
426
426
426
1008
805
805
805
329
329
1153
674
674
674
674
674
224
224
215
215
215
215
215
215
215
215
215
215
215
215
215
215
215
215
215
201
201
201
1304
1304
1304
1304
1304
730
730
730
730
1194
26
26
222
803
803
803
803
803
803
426
426
426
426
426
805
805
805
329
1153
1153
1153
1153
674
674
453
6
6
6
773
773
552
237
237
593
593
1043
1043
1219
601
601
601
1367
1367
1367
1367
470
339
139
139
139
139
139
139
139
139
139
139
139
540
87
87
1073
1073
1309
1309
412
412
207
356
356
255
255
255
612
1077
1077
1077
1077
381
381
381
381
381
381
381
381
381
381
381
381
381
381
381
381
381
397
397
397
397
397
397
397
397
397
397
397
397
397
397
397
397
397
397
397
397
397
397
397
397
397
397
397
397
397
397
397
397
397
397
397
397
397
397
397
397
397
397
397
397
397
397
397
397
397
397
397
397
397
397
397
397
397
397
397
397
397
397
397
397
397
397
397
397
397
397
397
397
397
397
397
397
397
397
397
397
397
397
397
397
397
397
397
397
397
397
397
397
397
397
397
397
397
397
397
397
397
397
397
397
397
397
397
397
762
762
762
762
762
1105
1105
1105
8
8
8
202
202
202
202
409
409
635
635
635
1166
1166
1372
1372
1372
1030
826
826
1419
1419
1223
870
870
225
225
225
431
431
431
252
252
252
459
459
459
459
1282
1282
58
882
882
1080
1080
439
665
665
473
473
692
692
692
69
69
27
584
312
312
801
801
801
756
756
1252
812
812
75
75
75
1058
1058
1058
1058
1058
1058
1058
1058
1058
1058
1058
1058
1058
1058
1058
1058
1058
1058
1058
1058
1058
1058
1058
1058
1058
1058
1196
1196
1196
1196
1196
95
95
228
228
876
543
276
276
276
865
865
1360
1360
1111
881
881
663
383
383
383
604
604
604
604
1370
557
557
651
651
28
28
28
588
588
123
123
123
315
315
315
315
315
315
315
315
315
165
165
855
156
156
1042
1042
25
706
706
706
491
1145
1145
1145
521
590
590
369
369
369
369
369
1136
1136
1136
1136
1136
563
563
563
563
214
214
214
890
890
890
890
890
890
890
890
890
890
890
531
531
531
1392
1392
1392
1392
620
620
1032
1032
1032
441
441
441
1419
1419
1419
1419
1419
1419
1419
1419
1419
653
870
870
225
225
225
431
431
252
252
252
252
459
459
1282
1282
1282
58
882
882
882
1080
1080
439
439
665
665
665
473
692
692
692
27
27
584
312
312
801
801
756
756
1313
1252
1252
812
75
75
75
1058
1058
1058
1058
1058
1196
1196
95
95
876
876
543
276
276
865
816
816
1360
138
912
336
881
180
180
545
545
437
437
1012
1154
256
256
256
832
725
447
447
1018
1018
1018
782
782
782
101
654
122
122
122
688
821
1027
1163
1163
1163
1163
1163
1163
1163
1163
1163
1163
1163
1163
1163
1163
1163
1163
1163
1163
1163
1163
1163
1163
1163
1163
1163
1163
1163
1163
1163
1163
1163
1163
1163
1163
1163
1163
1163
1163
1163
1163
1163
1163
1163
1163
1163
1163
1163
1163
1163
1163
1163
1163
1163
1163
1163
1163
1163
1163
1163
1163
1163
1163
1163
1163
1163
1163
1163
1163
1163
1163
1163
1163
1163
1163
1163
1163
1163
1163
1163
1163
1163
1163
1163
1163
1163
1163
1163
1163
1163
1163
1163
1163
1163
1163
1163
1163
1163
1163
1163
1163
1163
1163
1163
1163
1163
1163
1163
1163
1163
1163
1163
1163
1163
1163
1163
1163
1163
1163
1163
714
714
714
714
408
408
408
408
162
1339
830
830
560
560
1108
1108
1108
792
1133
1133
36
382
382
495
1063
1063
1386
1386
1386
1386
1386
1137
1137
1137
1137
1137
1137
1336
1336
442
442
442
442
1083
1083
1083
887
887
1199
1199
1199
1400
1400
798
798
114
114
1335
1335
1082
1082
1082
1082
1082
1082
1082
1082
1082
1082
1082
1208
380
380
380
380
534
534
534
534
131
220
220
24
24
1393
1393
1393
164
748
929
929
929
434
394
394
35
365
378
378
176
176
129
129
129
327
1236
1236
199
199
199
3
3
627
627
550
767
347
347
561
561
561
934
934
721
73
73
1299
1299
1299
1299
1234
13
13
13
13
13
13
2
197
197
401
401
626
1183
1183
357
157
157
794
794
573
573
573
475
1297
1297
1297
71
71
898
898
898
898
898
898
1096
1096
1096
1096
1096
1344
1344
1344
1344
1344
1344
1344
124
124
458
251
251
251
251
251
57
57
57
57
57
57
68
68
68
68
68
68
68
68
68
68
68
68
68
68
68
68
68
68
68
68
68
68
68
68
68
68
68
68
68
68
68
68
68
68
68
68
68
1295
1295
1295
1295
1295
1295
1295
1295
1295
1295
1295
1295
1295
1295
1295
1295
1295
1295
1093
1093
3
3
758
758
1022
1022
52
1118
775
852
852
862
698
478
137
137
1121
1121
780
196
196
196
874
874
510
510
510
1263
1263
702
702
702
702
702
702
702
702
702
702
702
702
702
702
702
702
702
702
702
702
702
702
702
702
702
702
702
702
702
702
702
702
702
702
702
702
702
702
702
702
702
343
343
343
1011
1011
1011
1011
662
662
524
524
524
524
524
524
524
524
524
524
524
524
524
524
524
524
524
524
524
524
524
524
524
524
361
361
361
361
161
1050
1050
1050
1038
340
141
141
141
770
915
915
915
915
272
272
272
1174
1174
1174
1174
392
392
392
672
672
672
672
672
672
672
672
672
672
672
672
885
235
235
235
235
235
235
103
103
103
103
103
103
103
103
406
406
406
1290
1290
1290
1290
729
729
267
911
911
911
911
133
133
133
831
1062
1253
86
1156
1355
1355
1214
1214
444
444
444
444
444
444
444
444
444
444
444
444
444
1214
1214
1214
1214
1214
1214
1214
1214
1214
1214
1214
1214
1214
1214
1214
1214
1214
1214
1214
1214
1214
1214
1214
1214
1214
88
88
88
769
769
769
614
614
614
285
285
351
351
939
939
939
787
644
1338
1338
1338
1003
1003
1257
467
467
467
749
749
578
424
1116
1116
1116
1116
751
751
751
751
751
1407
1407
1407
1407
1407
1407
1265
39
39
39
1235
1235
1235
1235
1235
1235
1235
74
74
74
74
1368
1368
1368
1368
1368
192
192
192
192
1294
1294
1100
1100
1100
1100
1100
322
322
322
322
322
1019
1019
1019
1242
1242
1242
1242
1242
281
281
281
281
281
1158
596
596
596
596
464
464
680
680
1142
1142
1142
1142
1142
1142
995
995
995
433
433
433
433
289
289
289
745
745
745
529
529
529
529
529
529
308
308
117
117
117
1342
1342
1342
1342
1342
1342
1144
500
500
715
715
757
757
757
757
1112
1112
1112
1112
1112
1112
1112
1112
1112
1112
1112
1112
1112
1112
1112
1112
1112
1112
1112
1112
1112
1112
1112
1112
1112
1112
283
283
283
283
283
283
283
283
283
283
87
87
87
87
87
87
87
87
480
480
480
480
1271
47
47
961
961
1325
250
